2100-01-01 01 -17.25 -44.75 0.000632555 0.2689 0.000740145 0.0004 0.000400001 0 0 0 0 0 0 0.00101628 0.00050309 0 0 0.00371823 0.00749225 0 0 0 0 0 0 0.000245952 0.00291698 0.99201 0.0027305 0.690184 0.309817 0 0 0 0 0 0 0.00234326 7.80001 0.0216626 0.284048 2.89223 0.569957 2
2100-01-01 01 -17.25 -44.25 0.000500035 0.00109001 0.000710345 0.00149838 0.154037 0 0 0 0 0 0 0.0009277 0.000317762 0 0 0.048558 5.88954 0 0 0 0 0 0 0.000180607 0.207987 0.362707 0.236371 0.0096337 0.990367 0 0 0 0 0 0 0.192936 7.50001 0.404718 6.09736 3.0732 0.712448 2
2100-01-01 01 -17.25 -43.75 0.000634822 0.00205098 0.000899061 0.00138897 0.139408 0 0 0 0 0 0 0.00109622 0.000560201 0 0 0.0414636 5.51148 0 0 0 0 0 0 0.000315954 0.179178 0.463111 0.203008 0.00986503 0.990136 0 0 0 0 0 0 0.154704 7.00001 0.387955 5.6993 3.03958 0.721108 2.5
2100-01-01 01 -17.25 -43.25 0.00103217 0.00452141 0.00146716 0.00138786 0.127355 0 0 0 0 0 0 0.0014333 0.00115417 0 0 0.0416343 4.70946 0 0 0 0 0 0 0.000615529 0.157833 0.553105 0.179478 0.0107801 0.989221 0 0 0 0 0 0 0.109585 6.40001 0.330039 4.89006 3.21707 0.740557 3.42857
2100-01-01 01 -17.75 -44.75 0.000599995 0.166074 0.000719634 0.0004 0.0004 0 0 0 0 0 0 0.000956245 0.000381597 0 0 0.00371823 0.00743646 0 0 0 0 0 0 0.00014175 0.0044605 0.987706 0.00427994 0.672709 0.327292 0 0 0 0 0 0 0.00355448 8.30001 0.0137387 0.180828 2.91942 0.594762 1.66667
2100-01-01 01 -17.75 -44.25 0.000510023 0.000888458 0.00068052 0.00344329 0.196057 0 0 0 0 0 0 0.000917633 0.000140072 0 0 0.138654 7.42791 0 0 0 0 0 0 7.91132e-05 0.229325 0.319586 0.244789 0.0172596 0.982741 0 0 0 0 0 0 0.2063 8.30001 0.565431 7.76928 2.9207 0.702992 3.8
2100-01-01 01 -17.75 -43.75 0.000463632 0.000746278 0.000600262 0.00355111 0.200061 0 0 0 0 0 0 0.000855165 0.000146692 0 0 0.132303 7.354 0 0 0 0 0 0 7.23379e-05 0.235532 0.303297 0.243954 0.0174406 0.98256 0 0 0 0 0 0 0.217218 8.00001 0.558459 7.6928 3.10692 0.736617 2.6
2100-01-01 01 -17.75 -43.25 0.000571295 0.000670524 0.000795763 0.0931915 0.0724751 0 0 0 0 0 0 0.000999739 0.000213032 0 0 3.72222 2.3558 0 0 0 0 0 0 0.000145645 0.254566 0.239026 0.28367 0.562525 0.437476 0 0 0 0 0 0 0.222739 7.20001 0.485223 6.24708 3.02147 0.823109 1.9
2100-01-01 01 -18.25 -44.75 0.00094576 0.334129 0.001085 0.000846603 0.0477888 0 0 0 0 0 0 0.00130305 0.00127783 0 0 0.0154087 1.71556 0 0 0 0 0 0 0.000582063 0.00350583 0.990862 0.00321758 0.0174072 0.982594 0 0 0 0 0 0 0.00241513 8.70001 0.187969 2.11893 2.92047 0.847854 1.4
2100-01-01 01 -18.25 -44.25 0.000456338 0.000733567 0.000582199 0.00765631 0.189256 0 0 0 0 0 0 0.000824395 7.79548e-05 0 0 0.278985 7.39798 0 0 0 0 0 0 1.90255e-05 0.237534 0.305471 0.242438 0.0388818 0.961119 0 0 0 0 0 0 0.214558 8.70001 0.539791 7.87657 2.88639 0.737778 2.33333
2100-01-01 01 -18.25 -43.75 0.0004 0.0005 0.0005 0.132148 0.160726 0 0 0 0 0 0 0.000800001 0 0 0 4.14414 6.32094 0 0 0 0 0 0 0 0.246664 0.0358732 0.358732 0.451212 0.548789 0 0 0 0 0 0 0.358732 9.2 0.851794 10.7602 3.24863 0.717116 2
2100-01-01 01 -18.25 -43.25 0.0004 0.0005 0.0005 0.106413 0.139312 0 0 0 0 0 0 0.000800001 1.03142e-13 0 0 3.51909 5.74867 0 0 0 0 0 0 0 0.308851 0.0541597 0.318495 0.433056 0.566945 0 0 0 0 0 0 0.318495 8.20001 0.738596 9.51568 3.33547 0.717951 1.22222
2100-02-01 02 -17.25 -44.75 0.000632555 0.2689 0.000740145 0.0004 0.000400001 0 0 0 0 0 0 0.00101628 0.00050309 0 0 0.00371823 0.00749225 0 0 0 0 0 0 0.000245952 0.00291698 0.99201 0.0027305 0.909091 0.0909093 0 0 0 0 0 0 0.00234325 5.2 0.0200876 0.284048 2.91162 0.557935 2.83333
2100-02-01 02 -17.25 -44.25 0.000500035 0.00109001 0.000710345 0.00149838 0.154037 0 0 0 0 0 0 0.0009277 0.000317762 0 0 0.048558 5.88954 0 0 0 0 0 0 0.000180607 0.207987 0.362707 0.236371 0.0096337 0.990367 0 0 0 0 0 0 0.192936 4.6 0.402339 6.09736 2.9244 0.680201 3.4
2100-02-01 02 -17.25 -43.75 0.000634822 0.00205098 0.000899061 0.00138897 0.139408 0 0 0 0 0 0 0.00109622 0.000560201 0 0 0.0414636 5.51148 0 0 0 0 0 0 0.000315954 0.179178 0.463111 0.203008 0.00986503 0.990136 0 0 0 0 0 0 0.154704 4.2 0.381356 5.6993 3.01038 0.617433 5
2100-02-01 02 -17.25 -43.25 0.00103217 0.00452141 0.00146716 0.00138786 0.127355 0 0 0 0 0 0 0.0014333 0.00115417 0 0 0.0416343 4.70946 0 0 0 0 0 0 0.000615529 0.157833 0.553105 0.179478 0.0107801 0.989221 0 0 0 0 0 0 0.109585 3.8 0.327691 4.89006 2.96164 0.676165 2.25
2100-02-01 02 -17.75 -44.75 0.000599995 0.166074 0.000719634 0.0004 0.0004 0 0 0 0 0 0 0.000956245 0.000381597 0 0 0.00371823 0.00743646 0 0 0 0 0 0 0.00014175 0.0044605 0.987706 0.00427994 0.909092 0.0909092 0 0 0 0 0 0 0.00355447 5.3 0.0122842 0.180828 2.9067 0.582689 1.8
2100-02-01 02 -17.75 -44.25 0.000510023 0.000888458 0.00068052 0.00344329 0.196057 0 0 0 0 0 0 0.000917633 0.000140072 0 0 0.138654 7.42791 0 0 0 0 0 0 7.91132e-05 0.229325 0.319586 0.244789 0.0172596 0.982741 0 0 0 0 0 0 0.2063 4.8 0.564196 7.76928 2.98065 0.673631 4.16667
2100-02-01 02 -17.75 -43.75 0.000463632 0.000746278 0.000600262 0.00355111 0.200061 0 0 0 0 0 0 0.000855164 0.000146692 0 0 0.132303 7.354 0 0 0 0 0 0 7.23379e-05 0.235532 0.303297 0.243954 0.0174405 0.98256 0 0 0 0 0 0 0.217218 4.4 0.558256 7.6928 3.01518 0.691613 2
2100-02-01 02 -17.75 -43.25 0.000571295 0.000670524 0.000795763 0.0931915 0.0724751 0 0 0 0 0 0 0.000999739 0.000213032 0 0 3.72222 2.3558 0 0 0 0 0 0 0.000145645 0.254566 0.239025 0.28367 0.562525 0.437476 0 0 0 0 0 0 0.222739 4 0.479593 6.24708 3.0394 0.717438 2.6
2100-02-01 02 -18.25 -44.75 0.00094576 0.334128 0.001085 0.000846603 0.0477887 0 0 0 0 0 0 0.00130305 0.00127782 0 0 0.0154087 1.71556 0 0 0 0 0 0 0.000582063 0.00350583 0.990862 0.00321758 0.0174072 0.982594 0 0 0 0 0 0 0.00241513 5.3 0.187944 2.11893 2.85278 0.74231 1.6
2100-02-01 02 -18.25 -44.25 0.000456338 0.000733567 0.000582199 0.00765631 0.189256 0 0 0 0 0 0 0.000824395 7.79548e-05 0 0 0.278985 7.39798 0 0 0 0 0 0 1.90255e-05 0.237534 0.305471 0.242438 0.0388818 0.961119 0 0 0 0 0 0 0.214558 5.1 0.53812 7.87657 2.91184 0.704535 2.28571
2100-02-01 02 -18.25 -43.75 0.0004 0.0005 0.0005 0.132148 0.160726 0 0 0 0 0 0 0.000800001 0 0 0 4.14414 6.32093 0 0 0 0 0 0 0 0.318859 0.0324353 0.324353 0.451212 0.548788 0 0 0 0 0 0 0.324353 4.6 0.849803 10.7602 3.05769 0.692816 2
2100-02-01 02 -18.25 -43.25 0.0004 0.0005 0.0005 0.106413 0.139312 0 0 0 0 0 0 0.000800001 1.03142e-13 0 0 3.51909 5.74867 0 0 0 0 0 0 0 0.31049 0.0328338 0.328338 0.433056 0.566945 0 0 0 0 0 0 0.328338 4.4 0.722995 9.51568 3.03298 0.597196 1.875
2100-03-01 03 -17.25 -44.75 0.000632555 0.2689 0.000740145 0.0004 0.000400001 0 0 0 0 0 0 0.00101628 0.00050309 0 0 0.00371823 0.00749225 0 0 0 0 0 0 0.000245952 0.00291698 0.99201 0.0027305 0.909092 0.0909094 0 0 0 0 0 0 0.00234326 4.5 0.0200165 0.284048 2.86989 0.574761 1.57143
2100-03-01 03 -17.25 -44.25 0.000500035 0.00109001 0.000710345 0.00149838 0.154037 0 0 0 0 0 0 0.0009277 0.000317762 0 0 0.048558 5.88954 0 0 0 0 0 0 0.000180607 0.207987 0.362707 0.236371 0.0096337 0.990367 0 0 0 0 0 0 0.192936 4.4 0.401178 6.09736 2.88969 0.670104 1.5
2100-03-01 03 -17.25 -43.75 0.000634822 0.00205098 0.000899061 0.00138897 0.139408 0 0 0 0 0 0 0.00109622 0.000560201 0 0 0.0414636 5.51148 0 0 0 0 0 0 0.000315954 0.179178 0.463111 0.203008 0.00986503 0.990136 0 0 0 0 0 0 0.154704 4.2 0.377707 5.6993 2.93963 0.63622 1.55556
2100-03-01 03 -17.25 -43.25 0.00103217 0.00452141 0.00146716 0.00138786 0.127355 0 0 0 0 0 0 0.0014333 0.00115417 0 0 0.0416343 4.70946 0 0 0 0 0 0 0.000615529 0.157833 0.553105 0.179478 0.0107801 0.989221 0 0 0 0 0 0 0.109585 3.9 0.321809 4.89006 2.97427 0.593786 2.16667
2100-03-01 03 -17.75 -44.75 0.000599995 0.166074 0.000719634 0.0004 0.0004 0 0 0 0 0 0 0.000956245 0.000381597 0 0 0.00371823 0.00743646 0 0 0 0 0 0 0.00014175 0.0044605 0.987706 0.00427994 0.909092 0.0909092 0 0 0 0 0 0 0.00355448 4.6 0.0123117 0.180828 2.87066 0.587327 2.55556
2100-03-01 03 -17.75 -44.25 0.000510023 0.000888458 0.00068052 0.00344329 0.196057 0 0 0 0 0 0 0.000917633 0.000140072 0 0 0.138654 7.42791 0 0 0 0 0 0 7.91132e-05 0.229325 0.319586 0.244789 0.0172596 0.982741 0 0 0 0 0 0 0.2063 4.6 0.563232 7.76928 2.9567 0.67772 2.33333
2100-03-01 03 -17.75 -43.75 0.000463632 0.000746278 0.000600262 0.00355111 0.200061 0 0 0 0 0 0 0.000855165 0.000146692 0 0 0.132303 7.354 0 0 0 0 0 0 7.23379e-05 0.23818 0.295465 0.246696 0.0174406 0.98256 0 0 0 0 0 0 0.21966 4.6 0.553381 7.6928 2.94573 0.67333 2
2100-03-01 03 -17.75 -43.25 0.000571295 0.000670524 0.000795763 0.0931915 0.0724751 0 0 0 0 0 0 0.000999739 0.000213032 0 0 3.72222 2.3558 0 0 0 0 0 0 0.000145645 0.254566 0.239026 0.28367 0.562525 0.437476 0 0 0 0 0 0 0.222739 4.2 0.476533 6.24708 2.86228 0.786531 1.7
2100-03-01 03 -18.25 -44.75 0.00094576 0.334129 0.001085 0.000846603 0.0477888 0 0 0 0 0 0 0.00130305 0.00127783 0 0 0.0154087 1.71556 0 0 0 0 0 0 0.000582063 0.00350583 0.990862 0.00321758 0.0174072 0.982594 0 0 0 0 0 0 0.00241513 4.6 0.18862 2.11893 2.89991 0.710768 2.1
2100-03-01 03 -18.25 -44.25 0.000456338 0.000733567 0.000582199 0.00765631 0.189256 0 0 0 0 0 0 0.000824395 7.79548e-05 0 0 0.278985 7.39798 0 0 0 0 0 0 1.90255e-05 0.250723 0.266909 0.255899 0.0388818 0.961119 0 0 0 0 0 0 0.226471 4.7 0.536268 7.87657 2.88498 0.680119 1
2100-03-01 03 -18.25 -43.75 0.0004 0.0005 0.0005 0.132148 0.160726 0 0 0 0 0 0 0.000800001 0 0 0 4.14414 6.32094 0 0 0 0 0 0 0 0.139048 0.0451391 0.364423 0.451212 0.548789 0 0 0 0 0 0 0.451391 5 0.847492 10.7602 2.94853 0.682362 1
2100-03-01 03 -18.25 -43.25 0.0004 0.0005 0.0005 0.106413 0.139312 0 0 0 0 0 0 0.000800001 1.03142e-13 0 0 3.51909 5.74867 0 0 0 0 0 0 0 0.109058 0.0600223 0.230697 0.433056 0.566945 0 0 0 0 0 0 0.600223 4.7 0.71082 9.51568 2.98984 0.67072 1.42857
2100-04-01 04 -17.25 -44.75 0.000632555 0.2689 0.000740145 0.0004 0.000400001 0 0 0 0 0 0 0.00101628 0.00050309 0 0 0.00371823 0.00749225 0 0 0 0 0 0 0.000245952 0.00291698 0.99201 0.0027305 0.909091 0.0909093 0 0 0 0 0 0 0.00234325 2 0.0214336 0.284048 2.87037 0.555028 3
2100-04-01 04 -17.25 -44.25 0.000500035 0.00109001 0.000710345 0.00149838 0.154037 0 0 0 0 0 0 0.0009277 0.000317761 0 0 0.048558 5.88954 0 0 0 0 0 0 0.000180607 0.207987 0.362707 0.236371 0.0096337 0.990367 0 0 0 0 0 0 0.192936 1.8 0.398328 6.09736 2.88207 0.571177 1.77778
2100-04-01 04 -17.25 -43.75 0.000634822 0.00205098 0.000899061 0.00138897 0.139408 0 0 0 0 0 0 0.00109622 0.000560201 0 0 0.0414635 5.51148 0 0 0 0 0 0 0.000315954 0.179178 0.463111 0.203008 0.00986503 0.990136 0 0 0 0 0 0 0.154704 1.7 0.373901 5.6993 2.86903 0.538716 1.75
2100-04-01 04 -17.25 -43.25 0.00103217 0.00452141 0.00146716 0.00138786 0.127355 0 0 0 0 0 0 0.0014333 0.00115417 0 0 0.0416343 4.70946 0 0 0 0 0 0 0.000615529 0.157833 0.553105 0.179478 0.0107801 0.989221 0 0 0 0 0 0 0.109585 1.6 0.32033 4.89006 2.87432 0.615819 2
2100-04-01 04 -17.75 -44.75 0.000599995 0.166074 0.000719633 0.0004 0.0004 0 0 0 0 0 0 0.000956245 0.000381597 0 0 0.00371823 0.00743646 0 0 0 0 0 0 0.00014175 0.00445067 0.987725 0.0042705 0.909092 0.0909092 0 0 0 0 0 0 0.00355454 2 0.0127381 0.180828 2.87466 0.580844 2.63636
2100-04-01 04 -17.75 -44.25 0.000510023 0.000888458 0.00068052 0.00344329 0.196057 0 0 0 0 0 0 0.000917633 0.000140072 0 0 0.138654 7.42791 0 0 0 0 0 0 7.91132e-05 0.250262 0.175375 0.311685 0.0172596 0.982741 0 0 0 0 0 0 0.262678 2 0.560536 7.76928 2.92412 0.608655 2.5
2100-04-01 04 -17.75 -43.75 0.000463632 0.000746278 0.000600262 0.00355111 0.200061 0 0 0 0 0 0 0.000855164 0.000146692 0 0 0.132303 7.354 0 0 0 0 0 0 7.23379e-05 0.251626 0.0707165 0.356701 0.0174405 0.98256 0 0 0 0 0 0 0.320958 2 0.549761 7.6928 2.8493 0.591621 2.16667
2100-04-01 04 -17.75 -43.25 0.000571295 0.000670524 0.000795763 0.0931915 0.0724751 0 0 0 0 0 0 0.000999739 0.000213032 0 0 3.72222 2.3558 0 0 0 0 0 0 0.000145645 0.258112 0.228425 0.287622 0.562525 0.437476 0 0 0 0 0 0 0.225842 1.9 0.478604 6.24708 2.97515 0.743526 2.66667
2100-04-01 04 -18.25 -44.75 0.00094576 0.334128 0.001085 0.000846603 0.0477887 0 0 0 0 0 0 0.00130305 0.00127782 0 0 0.0154087 1.71556 0 0 0 0 0 0 0.000582063 0.00350583 0.990862 0.00321758 0.0174072 0.982594 0 0 0 0 0 0 0.00241513 2.1 0.188668 2.11893 2.89065 0.655467 2.90909
2100-04-01 04 -18.25 -44.25 0.000456338 0.000733567 0.000582199 0.00765631 0.189256 0 0 0 0 0 0 0.000824395 7.79548e-05 0 0 0.278985 7.39798 0 0 0 0 0 0 1.90255e-05 0.209522 0.0740164 0.380086 0.0388818 0.961119 0 0 0 0 0 0 0.336377 2.2 0.5325 7.87657 2.88615 0.631993 2.28571
2100-04-01 04 -18.25 -43.75 0.0004 0.0005 0.0005 0.132148 0.160726 0 0 0 0 0 0 0.000800001 0 0 0 4.14414 6.32093 0 0 0 0 0 0 0 0.0766759 0.0766759 0.0798902 0.451212 0.548788 0 0 0 0 0 0 0.766759 2.3 0.850146 10.7602 2.92517 0.685716 1
2100-04-01 04 -18.25 -43.25 0.0004 0.0005 0.0005 0.106413 0.139312 0 0 0 0 0 0 0.000800001 1.03142e-13 0 0 3.51909 5.74867 0 0 0 0 0 0 0 0.076673 0.076673 0.079925 0.433056 0.566945 0 0 0 0 0 0 0.76673 2.2 0.707799 9.51568 2.92633 0.629701 3.25
2100-05-01 05 -17.25 -44.75 0.000632555 0.2689 0.000740145 0.0004 0.000400001 0 0 0 0 0 0 0.00101628 0.00050309 0 0 0.00371823 0.00749225 0 0 0 0 0 0 0.000245952 0.00257301 0.992675 0.00240852 0.909092 0.0909094 0 0 0 0 0 0 0.00234482 0.700001 0.0225187 0.284048 2.85533 0.540573 4.38462
2100-05-01 05 -17.25 -44.25 0.000500035 0.00109001 0.000710345 0.00149838 0.154037 0 0 0 0 0 0 0.0009277 0.000317762 0 0 0.048558 5.88954 0 0 0 0 0 0 0.000180607 0.207987 0.362707 0.236371 0.0096337 0.990367 0 0 0 0 0 0 0.192936 0.6 0.39927 6.09736 2.88097 0.492279 3.5
2100-05-01 05 -17.25 -43.75 0.000634822 0.00205098 0.000899061 0.00138897 0.139408 0 0 0 0 0 0 0.00109622 0.000560201 0 0 0.0414636 5.51148 0 0 0 0 0 0 0.000315954 0.179178 0.463111 0.203008 0.00986503 0.990136 0 0 0 0 0 0 0.154704 0.500001 0.372769 5.6993 2.86167 0.464309 3
2100-05-01 05 -17.25 -43.25 0.00103217 0.00452141 0.00146716 0.00138786 0.127355 0 0 0 0 0 0 0.0014333 0.00115417 0 0 0.0416343 4.70946 0 0 0 0 0 0 0.000615529 0.157833 0.553105 0.179478 0.0107801 0.989221 0 0 0 0 0 0 0.109585 0.400001 0.320273 4.89006 2.87724 0.503837 2.14286
2100-05-01 05 -17.75 -44.75 0.000599995 0.166074 0.000719634 0.0004 0.0004 0 0 0 0 0 0 0.000956245 0.000381597 0 0 0.00371823 0.00743646 0 0 0 0 0 0 0.00014175 0.00256065 0.98517 0.00245699 0.909092 0.0909092 0 0 0 0 0 0 0.00981333 0.7 0.0120324 0.180828 2.87499 0.575673 4.45455
2100-05-01 05 -17.75 -44.25 0.000510023 0.000888458 0.00068052 0.00344329 0.196057 0 0 0 0 0 0 0.000917633 0.000140072 0 0 0.138654 7.42791 0 0 0 0 0 0 7.91132e-05 0.232169 0.0508 0.389106 0.0172596 0.982741 0 0 0 0 0 0 0.327926 0.700001 0.557113 7.76928 2.85869 0.533074 3.55556
2100-05-01 05 -17.75 -43.75 0.000463632 0.000746278 0.000600262 0.00355111 0.200061 0 0 0 0 0 0 0.000855165 0.000146692 0 0 0.132303 7.354 0 0 0 0 0 0 7.23379e-05 0.274222 0.0447865 0.360236 0.0174406 0.98256 0 0 0 0 0 0 0.320757 0.700001 0.548025 7.6928 2.91889 0.522068 2.4
2100-05-01 05 -17.75 -43.25 0.000571295 0.000670524 0.000795763 0.0931915 0.0724751 0 0 0 0 0 0 0.000999739 0.000213032 0 0 3.72222 2.3558 0 0 0 0 0 0 0.000145645 0.309307 0.0753885 0.34467 0.562525 0.437476 0 0 0 0 0 0 0.270636 0.600001 0.475822 6.24708 2.89942 0.636471 4
2100-05-01 05 -18.25 -44.75 0.00094576 0.334129 0.001085 0.000846603 0.0477888 0 0 0 0 0 0 0.00130305 0.00127783 0 0 0.0154087 1.71556 0 0 0 0 0 0 0.000582063 0.00350583 0.990862 0.00321758 0.0174072 0.982594 0 0 0 0 0 0 0.00241513 0.800001 0.186115 2.11893 2.85437 0.565821 3.5
2100-05-01 05 -18.25 -44.25 0.000456338 0.000733567 0.000582199 0.00765631 0.189256 0 0 0 0 0 0 0.000824395 7.79548e-05 0 0 0.278985 7.39798 0 0 0 0 0 0 1.90255e-05 0.0921337 0.0599661 0.426708 0.0388818 0.961119 0 0 0 0 0 0 0.421193 0.900001 0.529821 7.87657 2.87232 0.532965 2.18182
2100-05-01 05 -18.25 -43.75 0.0004 0.0005 0.0005 0.132148 0.160726 0 0 0 0 0 0 0.000800001 0 0 0 4.14414 6.32094 0 0 0 0 0 0 0 0.0769231 0.0769231 0.0769231 0.451212 0.548789 0 0 0 0 0 0 0.769231 0.900001 0.844521 10.7602 3.00894 0.573123 2.42857
2100-05-01 05 -18.25 -43.25 0.0004 0.0005 0.0005 0.106413 0.139312 0 0 0 0 0 0 0.000800001 1.03142e-13 0 0 3.51909 5.74867 0 0 0 0 0 0 0 0.0677379 0.0677379 0.187146 0.433056 0.566945 0 0 0 0 0 0 0.677379 0.800001 0.706687 9.51568 2.90729 0.545298 2.90909
2100-06-01 06 -17.25 -44.75 0.000632555 0.2689 0.000740145 0.0004 0.000400001 0 0 0 0 0 0 0.00101628 0.00050309 0 0 0.00371823 0.00749225 0 0 0 0 0 0 0.000245952 0.000542002 0.994833 0.000507352 0.909091 0.0909093 0 0 0 0 0 0 0.00411863 0.2 0.0248671 0.284048 2.8858 0.53256 3.61538
2100-06-01 06 -17.25 -44.25 0.000500035 0.00109001 0.000710345 0.00149838 0.154037 0 0 0 0 0 0 0.0009277 0.000317761 0 0 0.048558 5.88954 0 0 0 0 0 0 0.000180607 0.207987 0.362707 0.236371 0.0096337 0.990367 0 0 0 0 0 0 0.192936 0.2 0.404978 6.09736 2.88741 0.40807 3.69231
2100-06-01 06 -17.25 -43.75 0.000634822 0.00205098 0.000899061 0.00138897 0.139408 0 0 0 0 0 0 0.00109622 0.000560201 0 0 0.0414635 5.51148 0 0 0 0 0 0 0.000315954 0.179178 0.463111 0.203008 0.00986503 0.990136 0 0 0 0 0 0 0.154704 0.1 0.3804 5.6993 2.86914 0.392201 2.75
2100-06-01 06 -17.25 -43.25 0.00103217 0.00452141 0.00146716 0.00138786 0.127355 0 0 0 0 0 0 0.0014333 0.00115417 0 0 0.0416343 4.70946 0 0 0 0 0 0 0.000615529 0.157833 0.553105 0.179478 0.0107801 0.989221 0 0 0 0 0 0 0.109585 0.1 0.329082 4.89006 2.89352 0.429252 3.375
2100-06-01 06 -17.75 -44.75 0.000599995 0.166074 0.000719633 0.0004 0.0004 0 0 0 0 0 0 0.000956245 0.000381597 0 0 0.00371823 0.00743646 0 0 0 0 0 0 0.00014175 0.00301283 0.990014 0.00289087 0.909092 0.0909092 0 0 0 0 0 0 0.00408256 0.2 0.0132407 0.180828 2.86674 0.573689 3.25
2100-06-01 06 -17.75 -44.25 0.000510023 0.000888458 0.00068052 0.00344329 0.196057 0 0 0 0 0 0 0.000917633 0.000140072 0 0 0.138654 7.42791 0 0 0 0 0 0 7.91132e-05 0.303143 0.0461044 0.353139 0.0172596 0.982741 0 0 0 0 0 0 0.297615 0.2 0.562678 7.76928 2.89443 0.426258 9.23077
2100-06-01 06 -17.75 -43.75 0.000463632 0.000746278 0.000600262 0.00355111 0.200061 0 0 0 0 0 0 0.000855164 0.000146692 0 0 0.132303 7.354 0 0 0 0 0 0 7.23379e-05 0.135604 0.0533403 0.429038 0.0174405 0.98256 0 0 0 0 0 0 0.382018 0.2 0.554762 7.6928 2.95 0.426107 4.08333
2100-06-01 06 -17.75 -43.25 0.000571295 0.000670524 0.000795763 0.0931915 0.0724751 0 0 0 0 0 0 0.000999739 0.000213032 0 0 3.72222 2.3558 0 0 0 0 0 0 0.000145645 0.322325 0.0305446 0.362497 0.562525 0.437476 0 0 0 0 0 0 0.284634 0.2 0.471961 6.24708 2.87846 0.555502 5.42857
2100-06-01 06 -18.25 -44.75 0.00094576 0.334128 0.001085 0.000846603 0.0477887 0 0 0 0 0 0 0.00130305 0.00127782 0 0 0.0154087 1.71556 0 0 0 0 0 0 0.000582063 0.00241623 0.992714 0.00221757 0.0995447 0.900456 0 0 0 0 0 0 0.00265251 0.3 0.190268 2.11893 2.83793 0.534508 6.36364
2100-06-01 06 -18.25 -44.25 0.000456338 0.000733567 0.000582199 0.00765631 0.189256 0 0 0 0 0 0 0.000824395 7.79548e-05 0 0 0.278985 7.39798 0 0 0 0 0 0 1.90255e-05 0.175775 0.0551469 0.381735 0.0388818 0.961119 0 0 0 0 0 0 0.387344 0.3 0.533955 7.87657 2.9043 0.447232 7.21429
2100-06-01 06 -18.25 -43.75 0.0004 0.0005 0.0005 0.132148 0.160726 0 0 0 0 0 0 0.000800001 0 0 0 4.14414 6.32093 0 0 0 0 0 0 0 0.0686253 0.0686253 0.176498 0.451212 0.548788 0 0 0 0 0 0 0.686253 0.2 0.842845 10.7602 2.92631 0.497516 11.9167
2100-06-01 06 -18.25 -43.25 0.0004 0.0005 0.0005 0.106413 0.139312 0 0 0 0 0 0 0.000800001 1.03142e-13 0 0 3.51909 5.74867 0 0 0 0 0 0 0 0.0609083 0.0609083 0.269101 0.433056 0.566945 0 0 0 0 0 0 0.609083 0.3 0.711569 9.51568 2.94017 0.456705 5.09091
2100-07-01 07 -17.25 -44.75 0.000632555 0.2689 0.000740145 0.0004 0.000400001 0 0 0 0 0 0 0.00101628 0.00050309 0 0 0.00371823 0.00749225 0 0 0 0 0 0 0.000245952 0.000838349 0.991643 0.000784754 0.909092 0.0909094 0 0 0 0 0 0 0.00673458 0.2 0.0260597 0.284048 2.86468 0.528802 7.2
2100-07-01 07 -17.25 -44.25 0.000500035 0.00109001 0.000710345 0.00149838 0.154037 0 0 0 0 0 0 0.0009277 0.000317762 0 0 0.048558 5.88954 0 0 0 0 0 0 0.000180607 0.196176 0.369179 0.228489 0.0105153 0.989486 0 0 0 0 0 0 0.206156 0.2 0.41661 6.09736 2.8483 0.379864 7.375
2100-07-01 07 -17.25 -43.75 0.000634822 0.00205098 0.000899061 0.00138897 0.139408 0 0 0 0 0 0 0.00109622 0.000560201 0 0 0.0414636 5.51148 0 0 0 0 0 0 0.000315954 0.0927323 0.570787 0.11948 0.0422334 0.957767 0 0 0 0 0 0 0.217002 0.2 0.391669 5.6993 3.0948 0.377655 6.2
2100-07-01 07 -17.25 -43.25 0.00103217 0.00452141 0.00146716 0.00138786 0.127355 0 0 0 0 0 0 0.0014333 0.00115417 0 0 0.0416343 4.70946 0 0 0 0 0 0 0.000615529 0.157833 0.553105 0.179478 0.0155723 0.984429 0 0 0 0 0 0 0.109585 0.2 0.33959 4.89006 2.95647 0.408264 6.75
2100-07-01 07 -17.75 -44.75 0.000599995 0.166074 0.000719634 0.0004 0.0004 0 0 0 0 0 0 0.000956245 0.000381597 0 0 0.00371823 0.00743646 0 0 0 0 0 0 0.00014175 0.000596498 0.994079 0.000572351 0.909092 0.0909092 0 0 0 0 0 0 0.00475336 0.3 0.0138178 0.180828 2.87449 0.573593 7.58824
2100-07-01 07 -17.75 -44.25 0.000510023 0.000888458 0.00068052 0.00344329 0.196057 0 0 0 0 0 0 0.000917633 0.000140072 0 0 0.138654 7.42791 0 0 0 0 0 0 7.91132e-05 0.0785407 0.0627207 0.453862 0.0172596 0.982741 0 0 0 0 0 0 0.404877 0.2 0.575609 7.76928 2.89693 0.385013 30.1765
2100-07-01 07 -17.75 -43.75 0.000463632 0.000746278 0.000600262 0.00355111 0.200061 0 0 0 0 0 0 0.000855165 0.000146692 0 0 0.132303 7.354 0 0 0 0 0 0 7.23379e-05 0.193504 0.0662438 0.26582 0.0174406 0.98256 0 0 0 0 0 0 0.474432 0.2 0.570194 7.6928 2.94968 0.383838 8.26667
2100-07-01 07 -17.75 -43.25 0.000571295 0.000670524 0.000795763 0.0931915 0.0724751 0 0 0 0 0 0 0.000999739 0.000213032 0 0 3.72222 2.3558 0 0 0 0 0 0 0.000145645 0.144292 0.038569 0.457729 0.562525 0.437476 0 0 0 0 0 0 0.359411 0.2 0.474025 6.24708 2.9342 0.504883 4.86667
2100-07-01 07 -18.25 -44.75 0.00094576 0.334129 0.001085 0.000846603 0.0477888 0 0 0 0 0 0 0.00130305 0.00127783 0 0 0.0154087 1.71556 0 0 0 0 0 0 0.000582063 0.000998922 0.991204 0.00091679 0.150495 0.849506 0 0 0 0 0 0 0.00688148 0.3 0.196409 2.11893 2.8824 0.52512 16.5333
2100-07-01 07 -18.25 -44.25 0.000456338 0.000733567 0.000582199 0.00765631 0.189256 0 0 0 0 0 0 0.000824395 7.79548e-05 0 0 0.278985 7.39798 0 0 0 0 0 0 1.90255e-05 0.13019 0.0562584 0.418402 0.0388818 0.961119 0 0 0 0 0 0 0.395151 0.3 0.546517 7.87657 2.82981 0.389848 11.0625
2100-07-01 07 -18.25 -43.75 0.0004 0.0005 0.0005 0.132148 0.160726 0 0 0 0 0 0 0.000800001 0 0 0 4.14414 6.32094 0 0 0 0 0 0 0 0.0455004 0.0455004 0.453996 0.451212 0.548789 0 0 0 0 0 0 0.455004 0.2 0.856565 10.7602 2.96313 0.41382 21.3529
2100-07-01 07 -18.25 -43.25 0.0004 0.0005 0.0005 0.106413 0.139312 0 0 0 0 0 0 0.000800001 1.03142e-13 0 0 3.51909 5.74867 0 0 0 0 0 0 0 0.0479454 0.0479454 0.424656 0.433056 0.566945 0 0 0 0 0 0 0.479454 0.3 0.726093 9.51568 2.98941 0.398387 5.64286
2100-08-01 08 -17.25 -44.75 0.000632555 0.2689 0.000740145 0.0004 0.000400001 0 0 0 0 0 0 0.00101628 0.00050309 0 0 0.00371823 0.00749225 0 0 0 0 0 0 0.000245952 0.00168287 0.983224 0.00157529 0.909092 0.0909094 0 0 0 0 0 0 0.0135187 0.3 0.0245794 0.284048 2.86111 0.525345 13.8235
2100-08-01 08 -17.25 -44.25 0.000500035 0.00109001 0.000710345 0.00149838 0.154037 0 0 0 0 0 0 0.0009277 0.000317762 0 0 0.048558 5.88954 0 0 0 0 0 0 0.000180607 0.0725296 0.228321 0.0870592 0.0786565 0.921344 0 0 0 0 0 0 0.612091 0.3 0.42379 6.09736 2.87938 0.374825 12.9412
2100-08-01 08 -17.25 -43.75 0.000634822 0.00205098 0.000899061 0.00138897 0.139408 0 0 0 0 0 0 0.00109622 0.000560201 0 0 0.0414636 5.51148 0 0 0 0 0 0 0.000315954 0.110473 0.568524 0.125165 0.0906058 0.909395 0 0 0 0 0 0 0.19584 0.3 0.397316 5.6993 2.92096 0.376656 14.625
2100-08-01 08 -17.25 -43.25 0.00103217 0.00452141 0.00146716 0.00138786 0.127355 0 0 0 0 0 0 0.0014333 0.00115417 0 0 0.0416343 4.70946 0 0 0 0 0 0 0.000615529 0.135816 0.592052 0.154832 0.0975343 0.902467 0 0 0 0 0 0 0.117301 0.2 0.345794 4.89006 3.00918 0.402145 14.5833
2100-08-01 08 -17.75 -44.75 0.000599995 0.166074 0.000719634 0.0004 0.0004 0 0 0 0 0 0 0.000956245 0.000381597 0 0 0.00371823 0.00743646 0 0 0 0 0 0 0.00014175 0.000985531 0.990216 0.000945636 0.909092 0.0909092 0 0 0 0 0 0 0.00785348 0.3 0.0134488 0.180828 2.89356 0.573456 14.1765
2100-08-01 08 -17.75 -44.25 0.000510023 0.000888458 0.00068052 0.00344329 0.196057 0 0 0 0 0 0 0.000917633 0.000140072 0 0 0.138654 7.42791 0 0 0 0 0 0 7.91132e-05 0.0648821 0.246291 0.105149 0.100431 0.89957 0 0 0 0 0 0 0.583679 0.3 0.584575 7.76928 2.95327 0.376215 83.5294
2100-08-01 08 -17.75 -43.75 0.000463632 0.000746278 0.000600262 0.00355111 0.200061 0 0 0 0 0 0 0.000855165 0.000146692 0 0 0.132303 7.354 0 0 0 0 0 0 7.23379e-05 0.119226 0.168595 0.123489 0.0935434 0.906457 0 0 0 0 0 0 0.58869 0.3 0.580291 7.6928 2.98392 0.379744 28.875
2100-08-01 08 -17.75 -43.25 0.000571295 0.000670524 0.000795763 0.0931915 0.0724751 0 0 0 0 0 0 0.000999739 0.000213032 0 0 3.72222 2.3558 0 0 0 0 0 0 0.000145645 0.185786 0.147007 0.373743 0.751051 0.24895 0 0 0 0 0 0 0.293465 0.4 0.479218 6.24708 3.02639 0.491169 10.6471
2100-08-01 08 -18.25 -44.75 0.00094576 0.334129 0.001085 0.000846603 0.0477888 0 0 0 0 0 0 0.00130305 0.00127783 0 0 0.0154087 1.71556 0 0 0 0 0 0 0.000582063 0.00172609 0.990934 0.00158417 0.150495 0.849506 0 0 0 0 0 0 0.00575647 0.4 0.199412 2.11893 2.91774 0.520495 33
2100-08-01 08 -18.25 -44.25 0.000456338 0.000733567 0.000582199 0.00765631 0.189256 0 0 0 0 0 0 0.000824395 7.79548e-05 0 0 0.278985 7.39798 0 0 0 0 0 0 1.90255e-05 0.0646986 0.154112 0.196786 0.117223 0.882778 0 0 0 0 0 0 0.584404 0.4 0.5593 7.87657 2.8753 0.376292 26.4118
2100-08-01 08 -18.25 -43.75 0.0004 0.0005 0.0005 0.132148 0.160726 0 0 0 0 0 0 0.000800001 0 0 0 4.14414 6.32094 0 0 0 0 0 0 0 0.0663795 0.0663795 0.203447 0.451212 0.548789 0 0 0 0 0 0 0.663795 0.5 0.874453 10.7602 3.08613 0.381741 39.8235
2100-08-01 08 -18.25 -43.25 0.0004 0.0005 0.0005 0.106413 0.139312 0 0 0 0 0 0 0.000800001 1.03142e-13 0 0 3.51909 5.74867 0 0 0 0 0 0 0 0.0760243 0.0760243 0.0877094 0.484956 0.515045 0 0 0 0 0 0 0.760243 0.5 0.737951 9.51568 3.18304 0.383643 12.8125
2100-09-01 09 -17.25 -44.75 0.000632555 0.2689 0.000740145 0.0004 0.000400001 0 0 0 0 0 0 0.00101628 0.00050309 0 0 0.00371823 0.00749225 0 0 0 0 0 0 0.000245952 0.000429312 0.995721 0.000401866 0.909091 0.0909093 0 0 0 0 0 0 0.00344872 0.900001 0.0226705 0.284048 2.87835 0.526207 27.8235
2100-09-01 09 -17.25 -44.25 0.000500035 0.00109001 0.000710345 0.00149838 0.154037 0 0 0 0 0 0 0.0009277 0.000317761 0 0 0.048558 5.88954 0 0 0 0 0 0 0.000180607 0.17502 0.395733 0.198905 0.0886507 0.91135 0 0 0 0 0 0 0.230343 0.900001 0.420383 6.09736 2.96258 0.384923 34.2941
2100-09-01 09 -17.25 -43.75 0.000634822 0.00205098 0.000899061 0.00138897 0.139408 0 0 0 0 0 0 0.00109622 0.000560201 0 0 0.0414635 5.51148 0 0 0 0 0 0 0.000315954 0.0716097 0.57797 0.0811332 0.0906058 0.909395 0 0 0 0 0 0 0.269288 0.8 0.396977 5.6993 2.96648 0.379885 25.7647
2100-09-01 09 -17.25 -43.25 0.00103217 0.00452141 0.00146716 0.00138786 0.127355 0 0 0 0 0 0 0.0014333 0.00115417 0 0 0.0416343 4.70946 0 0 0 0 0 0 0.000615529 0.0260388 0.788191 0.0296098 0.0982669 0.901734 0 0 0 0 0 0 0.156162 0.7 0.34715 4.89006 3.05261 0.40103 39.2941
2100-09-01 09 -17.75 -44.75 0.000599995 0.166074 0.000719633 0.0004 0.0004 0 0 0 0 0 0 0.000956245 0.000381597 0 0 0.00371823 0.00743646 0 0 0 0 0 0 0.00014175 0.00187577 0.988959 0.00179983 0.909092 0.0909092 0 0 0 0 0 0 0.00736569 1 0.012711 0.180828 2.8919 0.574897 29.6471
2100-09-01 09 -17.75 -44.25 0.000510023 0.000888458 0.00068052 0.00344329 0.196057 0 0 0 0 0 0 0.000917633 0.000140072 0 0 0.138654 7.42791 0 0 0 0 0 0 7.91132e-05 0.19364 0.342553 0.206697 0.14939 0.850611 0 0 0 0 0 0 0.25711 1 0.58505 7.76928 3.04119 0.38487 88.5294
2100-09-01 09 -17.75 -43.75 0.000463632 0.000746278 0.000600262 0.00355111 0.200061 0 0 0 0 0 0 0.000855164 0.000146692 0 0 0.132303 7.354 0 0 0 0 0 0 7.23379e-05 0.235394 0.303461 0.24381 0.150744 0.849257 0 0 0 0 0 0 0.217336 1.1 0.578236 7.6928 2.95354 0.391645 51.7647
2100-09-01 09 -17.75 -43.25 0.000571295 0.000670524 0.000795763 0.0931915 0.0724751 0 0 0 0 0 0 0.000999739 0.000213032 0 0 3.72222 2.3558 0 0 0 0 0 0 0.000145645 0.254566 0.239025 0.28367 0.894102 0.105899 0 0 0 0 0 0 0.222739 1 0.483852 6.24708 3.13117 0.493388 25.9412
2100-09-01 09 -18.25 -44.75 0.00094576 0.334128 0.001085 0.000846603 0.0477887 0 0 0 0 0 0 0.00130305 0.00127782 0 0 0.0154087 1.71556 0 0 0 0 0 0 0.000582063 0.000573477 0.995813 0.000526325 0.150495 0.849506 0 0 0 0 0 0 0.00308775 1.1 0.199818 2.11893 3.03548 0.521163 41.7059
2100-09-01 09 -18.25 -44.25 0.000456338 0.000733567 0.000582199 0.00765631 0.189256 0 0 0 0 0 0 0.000824395 7.79548e-05 0 0 0.278985 7.39798 0 0 0 0 0 0 1.90255e-05 0.198976 0.347076 0.203084 0.261578 0.738423 0 0 0 0 0 0 0.250865 1.2 0.560548 7.87657 2.98091 0.395042 38.1176
2100-09-01 09 -18.25 -43.75 0.0004 0.0005 0.0005 0.132148 0.160726 0 0 0 0 0 0 0.000800001 0 0 0 4.14414 6.32093 0 0 0 0 0 0 0 0.0769231 0.0769231 0.0769231 0.47456 0.525441 0 0 0 0 0 0 0.769231 1.3 0.876928 10.7602 3.09688 0.40083 47.7647
2100-09-01 09 -18.25 -43.25 0.0004 0.0005 0.0005 0.106413 0.139312 0 0 0 0 0 0 0.000800001 1.03142e-13 0 0 3.51909 5.74867 0 0 0 0 0 0 0 0.124196 0.176469 0.246697 0.850504 0.149497 0 0 0 0 0 0 0.452639 1.3 0.742433 9.51568 3.22485 0.393934 30.0588
2100-10-01 10 -17.25 -44.75 0.000632555 0.2689 0.000740145 0.0004 0.000400001 0 0 0 0 0 0 0.00101628 0.00050309 0 0 0.00371823 0.00749225 0 0 0 0 0 0 0.000245952 0.0020674 0.99344 0.0020175 0.909092 0.0909094 0 0 0 0 0 0 0.00247583 4.1 0.0212999 0.284048 2.90233 0.533156 25.4118
2100-10-01 10 -17.25 -44.25 0.000500035 0.00109001 0.000710345 0.00149838 0.154037 0 0 0 0 0 0 0.0009277 0.000317762 0 0 0.048558 5.88954 0 0 0 0 0 0 0.000180607 0.207987 0.362707 0.236371 0.0453386 0.954662 0 0 0 0 0 0 0.192936 3.9 0.412899 6.09736 2.93492 0.450054 24.8235
2100-10-01 10 -17.25 -43.75 0.000634822 0.00205098 0.000899061 0.00138897 0.139408 0 0 0 0 0 0 0.00109622 0.000560201 0 0 0.0414636 5.51148 0 0 0 0 0 0 0.000315954 0.177136 0.466376 0.200694 0.0437511 0.95625 0 0 0 0 0 0 0.155795 3.8 0.387859 5.6993 2.97117 0.469133 18.7059
2100-10-01 10 -17.25 -43.25 0.00103217 0.00452141 0.00146716 0.00138786 0.127355 0 0 0 0 0 0 0.0014333 0.00115417 0 0 0.0416343 4.70946 0 0 0 0 0 0 0.000615529 0.144559 0.576782 0.164384 0.0531706 0.94683 0 0 0 0 0 0 0.114276 3.6 0.340842 4.89006 3.15823 0.496801 57.4375
2100-10-01 10 -17.75 -44.75 0.000599995 0.166074 0.000719634 0.0004 0.0004 0 0 0 0 0 0 0.000956245 0.000381597 0 0 0.00371823 0.00743646 0 0 0 0 0 0 0.00014175 0.00268535 0.991172 0.00257665 0.909092 0.0909092 0 0 0 0 0 0 0.00356695 4.2 0.012196 0.180828 2.91895 0.582162 25.2941
2100-10-01 10 -17.75 -44.25 0.000510023 0.000888458 0.00068052 0.00344329 0.196057 0 0 0 0 0 0 0.000917633 0.000140072 0 0 0.138654 7.42791 0 0 0 0 0 0 7.91132e-05 0.229325 0.319586 0.244789 0.0986342 0.901367 0 0 0 0 0 0 0.2063 4.1 0.575516 7.76928 2.93767 0.466447 48.0667
2100-10-01 10 -17.75 -43.75 0.000463632 0.000746278 0.000600262 0.00355111 0.200061 0 0 0 0 0 0 0.000855165 0.000146692 0 0 0.132303 7.354 0 0 0 0 0 0 7.23379e-05 0.235532 0.303297 0.243954 0.0522447 0.947756 0 0 0 0 0 0 0.217218 4 0.566648 7.6928 3.02755 0.456068 40.8125
2100-10-01 10 -17.75 -43.25 0.000571295 0.000670524 0.000795763 0.0931915 0.0724751 0 0 0 0 0 0 0.000999739 0.000213032 0 0 3.72222 2.3558 0 0 0 0 0 0 0.000145645 0.254566 0.239026 0.28367 0.573322 0.426679 0 0 0 0 0 0 0.222739 3.9 0.478408 6.24708 3.15697 0.587088 31.4706
2100-10-01 10 -18.25 -44.75 0.00094576 0.334129 0.001085 0.000846603 0.0477888 0 0 0 0 0 0 0.00130305 0.00127783 0 0 0.0154087 1.71556 0 0 0 0 0 0 0.000582063 0.00256543 0.992661 0.0023545 0.150495 0.849506 0 0 0 0 0 0 0.00241952 4.2 0.193524 2.11893 2.93065 0.562198 17.9412
2100-10-01 10 -18.25 -44.25 0.000456338 0.000733567 0.000582199 0.00765631 0.189256 0 0 0 0 0 0 0.000824395 7.79548e-05 0 0 0.278985 7.39798 0 0 0 0 0 0 1.90255e-05 0.237534 0.305471 0.242438 0.0455653 0.954436 0 0 0 0 0 0 0.214558 4.1 0.553311 7.87657 2.9429 0.481806 24.1875
2100-10-01 10 -18.25 -43.75 0.0004 0.0005 0.0005 0.132148 0.160726 0 0 0 0 0 0 0.000800001 0 0 0 4.14414 6.32094 0 0 0 0 0 0 0 0.0769231 0.0769231 0.0769231 0.451212 0.548789 0 0 0 0 0 0 0.769231 4.2 0.866849 10.7602 3.16174 0.522582 24.4375
2100-10-01 10 -18.25 -43.25 0.0004 0.0005 0.0005 0.106413 0.139312 0 0 0 0 0 0 0.000800001 1.03142e-13 0 0 3.51909 5.74867 0 0 0 0 0 0 0 0.245178 0.194736 0.279602 0.46097 0.539031 0 0 0 0 0 0 0.280486 4.1 0.735994 9.51568 3.32803 0.478767 45.1176
2100-11-01 11 -17.25 -44.75 0.000632555 0.2689 0.000740145 0.0004 0.000400001 0 0 0 0 0 0 0.00101628 0.00050309 0 0 0.00371823 0.00749225 0 0 0 0 0 0 0.000245952 0.00291698 0.99201 0.0027305 0.909091 0.0909093 0 0 0 0 0 0 0.00234325 7.20001 0.0214935 0.284048 2.92609 0.564511 5.90909
2100-11-01 11 -17.25 -44.25 0.000500035 0.00109001 0.000710345 0.00149838 0.154037 0 0 0 0 0 0 0.0009277 0.000317761 0 0 0.048558 5.88954 0 0 0 0 0 0 0.000180607 0.207987 0.362707 0.236371 0.0096337 0.990367 0 0 0 0 0 0 0.192936 7.20001 0.403642 6.09736 2.8772 0.59698 6.38462
2100-11-01 11 -17.25 -43.75 0.000634822 0.00205098 0.000899061 0.00138897 0.139408 0 0 0 0 0 0 0.00109622 0.000560201 0 0 0.0414635 5.51148 0 0 0 0 0 0 0.000315954 0.179178 0.463111 0.203008 0.00986503 0.990136 0 0 0 0 0 0 0.154704 7.10001 0.382643 5.6993 2.93766 0.635865 5.66667
2100-11-01 11 -17.25 -43.25 0.00103217 0.00452141 0.00146716 0.00138786 0.127355 0 0 0 0 0 0 0.0014333 0.00115417 0 0 0.0416343 4.70946 0 0 0 0 0 0 0.000615529 0.157833 0.553105 0.179478 0.0107801 0.989221 0 0 0 0 0 0 0.109585 6.80001 0.334529 4.89006 3.11256 0.616107 15.6667
2100-11-01 11 -17.75 -44.75 0.000599995 0.166074 0.000719633 0.0004 0.0004 0 0 0 0 0 0 0.000956245 0.000381597 0 0 0.00371823 0.00743646 0 0 0 0 0 0 0.00014175 0.0044605 0.987706 0.00427994 0.909092 0.0909092 0 0 0 0 0 0 0.00355447 7.20001 0.0119582 0.180828 2.88559 0.579634 5.92308
2100-11-01 11 -17.75 -44.25 0.000510023 0.000888458 0.00068052 0.00344329 0.196057 0 0 0 0 0 0 0.000917633 0.000140072 0 0 0.138654 7.42791 0 0 0 0 0 0 7.91132e-05 0.229325 0.319586 0.244789 0.0172596 0.982741 0 0 0 0 0 0 0.2063 7.3 0.563229 7.76928 2.85601 0.605417 3.6
2100-11-01 11 -17.75 -43.75 0.000463632 0.000746278 0.000600262 0.00355111 0.200061 0 0 0 0 0 0 0.000855164 0.000146692 0 0 0.132303 7.354 0 0 0 0 0 0 7.23379e-05 0.235532 0.303297 0.243954 0.0174405 0.98256 0 0 0 0 0 0 0.217218 7.3 0.552066 7.6928 2.92631 0.537938 6.25
2100-11-01 11 -17.75 -43.25 0.000571295 0.000670524 0.000795763 0.0931915 0.0724751 0 0 0 0 0 0 0.000999739 0.000213032 0 0 3.72222 2.3558 0 0 0 0 0 0 0.000145645 0.254566 0.239025 0.28367 0.562525 0.437476 0 0 0 0 0 0 0.222739 7.10001 0.471628 6.24708 3.01074 0.727793 9.23077
2100-11-01 11 -18.25 -44.75 0.00094576 0.334128 0.001085 0.000846603 0.0477887 0 0 0 0 0 0 0.00130305 0.00127782 0 0 0.0154087 1.71556 0 0 0 0 0 0 0.000582063 0.00350583 0.990862 0.00321758 0.1109 0.889101 0 0 0 0 0 0 0.00241513 7.10001 0.185751 2.11893 2.95131 0.624422 2.33333
2100-11-01 11 -18.25 -44.25 0.000456338 0.000733567 0.000582199 0.00765631 0.189256 0 0 0 0 0 0 0.000824395 7.79548e-05 0 0 0.278985 7.39798 0 0 0 0 0 0 1.90255e-05 0.237534 0.305471 0.242438 0.0388818 0.961119 0 0 0 0 0 0 0.214558 7.30001 0.544409 7.87657 2.89412 0.653326 5.875
2100-11-01 11 -18.25 -43.75 0.0004 0.0005 0.0005 0.132148 0.160726 0 0 0 0 0 0 0.000800001 0 0 0 4.14414 6.32093 0 0 0 0 0 0 0 0.0698043 0.0698043 0.16235 0.451212 0.548788 0 0 0 0 0 0 0.698043 7.4 0.850945 10.7602 3.15766 0.603241 4
2100-11-01 11 -18.25 -43.25 0.0004 0.0005 0.0005 0.106413 0.139312 0 0 0 0 0 0 0.000800001 1.03142e-13 0 0 3.51909 5.74867 0 0 0 0 0 0 0 0.0530464 0.0455558 0.44584 0.433056 0.566945 0 0 0 0 0 0 0.455558 7.40001 0.729492 9.51568 3.0463 0.658705 16.9167
2100-12-01 12 -17.25 -44.75 0.000632555 0.2689 0.000740145 0.0004 0.000400001 0 0 0 0 0 0 0.00101628 0.00050309 0 0 0.00371823 0.00749225 0 0 0 0 0 0 0.000245952 0.00291698 0.99201 0.0027305 0.77625 0.223751 0 0 0 0 0 0 0.00234326 8.30001 0.0242179 0.284048 2.87396 0.621046 2.16667
2100-12-01 12 -17.25 -44.25 0.000500035 0.00109001 0.000710345 0.00149838 0.154037 0 0 0 0 0 0 0.0009277 0.000317762 0 0 0.048558 5.88954 0 0 0 0 0 0 0.000180607 0.207987 0.362707 0.236371 0.0096337 0.990367 0 0 0 0 0 0 0.192936 8.00001 0.402145 6.09736 3.00525 0.6874 2.44444
2100-12-01 12 -17.25 -43.75 0.000634822 0.00205098 0.000899061 0.00138897 0.139408 0 0 0 0 0 0 0.00109622 0.000560201 0 0 0.0414636 5.51148 0 0 0 0 0 0 0.000315954 0.179178 0.463111 0.203008 0.00986503 0.990136 0 0 0 0 0 0 0.154704 7.70001 0.383776 5.6993 2.96877 0.725898 2.36364
2100-12-01 12 -17.25 -43.25 0.00103217 0.00452141 0.00146716 0.00138786 0.127355 0 0 0 0 0 0 0.0014333 0.00115417 0 0 0.0416343 4.70946 0 0 0 0 0 0 0.000615529 0.157833 0.553105 0.179478 0.0107801 0.989221 0 0 0 0 0 0 0.109585 7.20001 0.330981 4.89006 3.01695 0.687333 3.77778
2100-12-01 12 -17.75 -44.75 0.000599995 0.166074 0.000719634 0.0004 0.0004 0 0 0 0 0 0 0.000956245 0.000381597 0 0 0.00371823 0.00743646 0 0 0 0 0 0 0.00014175 0.0044605 0.987706 0.00427994 0.909092 0.0909092 0 0 0 0 0 0 0.00355448 8.40001 0.0120627 0.180828 2.86912 0.589181 2
2100-12-01 12 -17.75 -44.25 0.000510023 0.000888458 0.00068052 0.00344329 0.196057 0 0 0 0 0 0 0.000917633 0.000140072 0 0 0.138654 7.42791 0 0 0 0 0 0 7.91132e-05 0.251306 0.253313 0.268825 0.0172596 0.982741 0 0 0 0 0 0 0.226557 8.30001 0.563036 7.76928 3.11153 0.729293 1.8
2100-12-01 12 -17.75 -43.75 0.000463632 0.000746278 0.000600262 0.00355111 0.200061 0 0 0 0 0 0 0.000855165 0.000146692 0 0 0.132303 7.354 0 0 0 0 0 0 7.23379e-05 0.235532 0.303297 0.243954 0.0174406 0.98256 0 0 0 0 0 0 0.217218 8 0.550913 7.6928 3.01369 0.721797 2.5
2100-12-01 12 -17.75 -43.25 0.000571295 0.000670524 0.000795763 0.0931915 0.0724751 0 0 0 0 0 0 0.000999739 0.000213032 0 0 3.72222 2.3558 0 0 0 0 0 0 0.000145645 0.254566 0.239026 0.28367 0.562525 0.437476 0 0 0 0 0 0 0.222739 7.50001 0.47697 6.24708 2.961 0.858672 2.76923
2100-12-01 12 -18.25 -44.75 0.00094576 0.334129 0.001085 0.000846603 0.0477888 0 0 0 0 0 0 0.00130305 0.00127783 0 0 0.0154087 1.71556 0 0 0 0 0 0 0.000582063 0.00350583 0.990862 0.00321758 0.0174874 0.982513 0 0 0 0 0 0 0.00241513 8.40001 0.190171 2.11893 2.94906 0.789969 2.8
2100-12-01 12 -18.25 -44.25 0.000456338 0.000733567 0.000582199 0.00765631 0.189256 0 0 0 0 0 0 0.000824395 7.79548e-05 0 0 0.278985 7.39798 0 0 0 0 0 0 1.90255e-05 0.237694 0.305005 0.242601 0.0388818 0.961119 0 0 0 0 0 0 0.214702 8.4 0.536149 7.87657 2.87731 0.619603 2.4
2100-12-01 12 -18.25 -43.75 0.0004 0.0005 0.0005 0.132148 0.160726 0 0 0 0 0 0 0.000800001 0 0 0 4.14414 6.32094 0 0 0 0 0 0 0 0.0515546 0.0515546 0.381345 0.451212 0.548789 0 0 0 0 0 0 0.515546 8.40001 0.853548 10.7602 3.23548 0.745473 1.83333
2100-12-01 12 -18.25 -43.25 0.0004 0.0005 0.0005 0.106413 0.139312 0 0 0 0 0 0 0.000800001 1.03142e-13 0 0 3.51909 5.74867 0 0 0 0 0 0 0 0.0472659 0.0453683 0.453683 0.433056 0.566945 0 0 0 0 0 0 0.453683 8.00001 0.730489 9.51568 3.20226 0.737115 2.88889
2101-01-01 01 -17.25 -44.75 0.000547956 0.192465 0.000670153 0.0004 0.000400001 0 0 0 0 0 0 0.000942994 0.000450976 0 0 0.00355426 0.00716184 0 0 0 0 0 0 0.000214245 0.00352321 0.989999 0.00344713 0.5 0.500001 0 0 0 0 0 0 0.00303161 7.80001 0.0259046 0.206807 2.9522 0.668237 2
2101-01-01 01 -17.25 -44.25 0.000547399 0.00112802 0.000770645 0.00157318 0.156674 0 0 0 0 0 0 0.000971636 0.000328646 0 0 0.048389 5.88863 0 0 0 0 0 0 0.000190826 0.214486 0.353591 0.241568 0.0099413 0.99006 0 0 0 0 0 0 0.190357 7.50001 0.404168 6.0992 2.98493 0.7242 2
2101-01-01 01 -17.25 -43.75 0.000677028 0.00183123 0.000960804 0.00143743 0.14872 0 0 0 0 0 0 0.00112769 0.000577453 0 0 0.0413637 5.52001 0 0 0 0 0 0 0.0003302 0.194857 0.421639 0.221224 0.00957286 0.990428 0 0 0 0 0 0 0.162281 7.00001 0.381631 5.71703 3.08026 0.706909 2.5
2101-01-01 01 -17.25 -43.25 0.000911597 0.00380319 0.00132646 0.0014075 0.129384 0 0 0 0 0 0 0.00133484 0.0011207 0 0 0.041453 4.71526 0 0 0 0 0 0 0.000589621 0.160415 0.535403 0.186735 0.0107614 0.989239 0 0 0 0 0 0 0.117447 6.40001 0.332807 4.89659 3.08002 0.767592 3.42857
2101-01-01 01 -17.75 -44.75 0.000530587 0.135806 0.000639093 0.0004 0.0004 0 0 0 0 0 0 0.000904702 0.000348419 0 0 0.00355426 0.00710852 0 0 0 0 0 0 0.000126137 0.00481742 0.986434 0.00464208 0.909092 0.0909092 0 0 0 0 0 0 0.00410709 8.30001 0.0125309 0.149818 2.91073 0.58803 1.66667
2101-01-01 01 -17.75 -44.25 0.000473805 0.000811096 0.000624358 0.00336908 0.195848 0 0 0 0 0 0 0.000865604 0.000136116 0 0 0.1373 7.42099 0 0 0 0 0 0 6.71309e-05 0.231053 0.314315 0.243576 0.0169117 0.983089 0 0 0 0 0 0 0.211057 8.30001 0.563409 7.76048 2.96343 0.732647 3.8
2101-01-01 01 -17.75 -43.75 0.000471871 0.00075622 0.000634772 0.00363506 0.198915 0 0 0 0 0 0 0.000874939 0.000150328 0 0 0.1318 7.35455 0 0 0 0 0 0 7.81394e-05 0.233353 0.299177 0.25113 0.0179465 0.982054 0 0 0 0 0 0 0.216341 8.00001 0.552327 7.69187 3.08756 0.698468 2.6
2101-01-01 01 -17.75 -43.25 0.000466788 0.000573672 0.00066823 0.0803442 0.0634553 0 0 0 0 0 0 0.000899656 0.000177789 0 0 3.67673 2.34755 0 0 0 0 0 0 0.000118397 0.244374 0.240264 0.279867 0.558724 0.441276 0 0 0 0 0 0 0.235495 7.20001 0.481812 6.17099 3.20759 0.859915 1.9
2101-01-01 01 -18.25 -44.75 0.000896383 0.278948 0.00104389 0.000649796 0.0527144 0 0 0 0 0 0 0.0012771 0.00123042 0 0 0.0149625 1.73007 0 0 0 0 0 0 0.000565369 0.0039746 0.989492 0.00370292 0.0121766 0.987824 0 0 0 0 0 0 0.00283135 8.70001 0.195323 2.08236 2.98289 0.872348 1.4
2101-01-01 01 -18.25 -44.25 0.000419535 0.000600909 0.000545599 0.00785756 0.19317 0 0 0 0 0 0 0.000812172 6.33705e-05 0 0 0.278979 7.39157 0 0 0 0 0 0 1.54661e-05 0.240721 0.275832 0.250443 0.0390869 0.960914 0 0 0 0 0 0 0.233004 8.70001 0.537319 7.87404 2.91699 0.74956 2.33333
2101-01-01 01 -18.25 -43.75 0.0004 0.0005 0.0005 0.12655 0.152317 0 0 0 0 0 0 0.000800001 0 0 0 4.16151 6.28423 0 0 0 0 0 0 0 0.0571895 0.0533944 0.355473 0.4538 0.5462 0 0 0 0 0 0 0.533944 9.20001 0.852981 10.7268 3.18072 0.740162 2
2101-01-01 01 -18.25 -43.25 0.0004 0.0005 0.0005 0.0916284 0.119984 0 0 0 0 0 0 0.000800001 8.38452e-14 0 0 3.4992 5.67461 0 0 0 0 0 0 0 0.23231 0.185213 0.291239 0.433001 0.567 0 0 0 0 0 0 0.291239 8.20001 0.729076 9.38763 3.40784 0.729315 1.22222
2101-02-01 02 -17.25 -44.75 0.000547956 0.192465 0.000670153 0.0004 0.000400001 0 0 0 0 0 0 0.000942994 0.000450976 0 0 0.00355426 0.00716184 0 0 0 0 0 0 0.000214245 0.00352321 0.989999 0.00344713 0.5 0.500001 0 0 0 0 0 0 0.00303161 5.2 0.0244651 0.206807 2.93305 0.631513 2.83333
2101-02-01 02 -17.25 -44.25 0.000547399 0.00112802 0.000770645 0.00157318 0.156674 0 0 0 0 0 0 0.000971636 0.000328646 0 0 0.048389 5.88863 0 0 0 0 0 0 0.000190826 0.214486 0.353591 0.241568 0.0099413 0.990059 0 0 0 0 0 0 0.190357 4.6 0.401373 6.0992 2.94645 0.644832 3.4
2101-02-01 02 -17.25 -43.75 0.000677028 0.00183123 0.000960803 0.00143743 0.14872 0 0 0 0 0 0 0.00112769 0.000577453 0 0 0.0413637 5.52001 0 0 0 0 0 0 0.0003302 0.194857 0.421639 0.221224 0.00957286 0.990428 0 0 0 0 0 0 0.162281 4.2 0.376432 5.71703 2.93604 0.644822 5
2101-02-01 02 -17.25 -43.25 0.000911596 0.00380319 0.00132646 0.0014075 0.129384 0 0 0 0 0 0 0.00133484 0.0011207 0 0 0.041453 4.71526 0 0 0 0 0 0 0.000589621 0.160415 0.535403 0.186735 0.0107614 0.989239 0 0 0 0 0 0 0.117447 3.8 0.329881 4.89659 2.92024 0.676745 2.25
2101-02-01 02 -17.75 -44.75 0.000530587 0.135806 0.000639093 0.0004 0.0004 0 0 0 0 0 0 0.000904702 0.000348419 0 0 0.00355426 0.00710852 0 0 0 0 0 0 0.000126137 0.00481742 0.986434 0.00464208 0.909092 0.0909092 0 0 0 0 0 0 0.00410709 5.3 0.0124757 0.149818 2.90701 0.584953 1.8
2101-02-01 02 -17.75 -44.25 0.000473805 0.000811096 0.000624358 0.00336908 0.195848 0 0 0 0 0 0 0.000865604 0.000136116 0 0 0.1373 7.42098 0 0 0 0 0 0 6.71309e-05 0.230566 0.31576 0.243063 0.0169117 0.983089 0 0 0 0 0 0 0.210612 4.8 0.563123 7.76048 3.01994 0.668434 4.16667
2101-02-01 02 -17.75 -43.75 0.000471871 0.00075622 0.000634772 0.00363506 0.198915 0 0 0 0 0 0 0.000874939 0.000150328 0 0 0.1318 7.35455 0 0 0 0 0 0 7.81394e-05 0.233353 0.299177 0.25113 0.0179465 0.982054 0 0 0 0 0 0 0.216341 4.4 0.545771 7.69187 3.15031 0.638396 2
2101-02-01 02 -17.75 -43.25 0.000466788 0.000573672 0.00066823 0.0803442 0.0634553 0 0 0 0 0 0 0.000899656 0.000177789 0 0 3.67673 2.34755 0 0 0 0 0 0 0.000118397 0.244374 0.240264 0.279867 0.558724 0.441276 0 0 0 0 0 0 0.235495 4 0.481692 6.17099 2.94671 0.801216 2.6
2101-02-01 02 -18.25 -44.75 0.000896383 0.278948 0.00104389 0.000649796 0.0527144 0 0 0 0 0 0 0.0012771 0.00123042 0 0 0.0149625 1.73007 0 0 0 0 0 0 0.000565369 0.0039746 0.989492 0.00370292 0.0121766 0.987824 0 0 0 0 0 0 0.00283135 5.3 0.193489 2.08236 2.86281 0.779602 1.6
2101-02-01 02 -18.25 -44.25 0.000419535 0.000600909 0.000545599 0.00785756 0.19317 0 0 0 0 0 0 0.000812172 6.33705e-05 0 0 0.278979 7.39157 0 0 0 0 0 0 1.54661e-05 0.240721 0.275832 0.250443 0.0390869 0.960914 0 0 0 0 0 0 0.233004 5.1 0.534041 7.87404 2.93383 0.677377 2.28571
2101-02-01 02 -18.25 -43.75 0.0004 0.0005 0.0005 0.12655 0.152317 0 0 0 0 0 0 0.000800001 0 0 0 4.16151 6.28423 0 0 0 0 0 0 0 0.065002 0.0445238 0.445238 0.4538 0.5462 0 0 0 0 0 0 0.445238 4.60001 0.85422 10.7268 3.18903 0.713616 2
2101-02-01 02 -18.25 -43.25 0.0004 0.0005 0.0005 0.0916284 0.119984 0 0 0 0 0 0 0.000800001 8.38452e-14 0 0 3.4992 5.67461 0 0 0 0 0 0 0 0.25 0.25 0.25 0.433001 0.567 0 0 0 0 0 0 0.25 4.4 0.724709 9.38762 3.10159 0.681572 1.875
2101-03-01 03 -17.25 -44.75 0.000547956 0.192465 0.000670153 0.0004 0.000400001 0 0 0 0 0 0 0.000942994 0.000450976 0 0 0.00355426 0.00716184 0 0 0 0 0 0 0.000214245 0.00352321 0.989999 0.00344713 0.5 0.500001 0 0 0 0 0 0 0.00303161 4.5 0.0204907 0.206807 2.88161 0.585955 1.57143
2101-03-01 03 -17.25 -44.25 0.000547399 0.00112802 0.000770645 0.00157318 0.156674 0 0 0 0 0 0 0.000971636 0.000328646 0 0 0.048389 5.88863 0 0 0 0 0 0 0.000190826 0.214486 0.353591 0.241568 0.0099413 0.99006 0 0 0 0 0 0 0.190357 4.4 0.399289 6.0992 2.9007 0.648828 1.5
2101-03-01 03 -17.25 -43.75 0.000677028 0.00183123 0.000960804 0.00143743 0.14872 0 0 0 0 0 0 0.00112769 0.000577453 0 0 0.0413637 5.52001 0 0 0 0 0 0 0.0003302 0.194857 0.421639 0.221224 0.00957286 0.990428 0 0 0 0 0 0 0.162281 4.2 0.371698 5.71703 2.94886 0.61639 1.55556
2101-03-01 03 -17.25 -43.25 0.000911597 0.00380319 0.00132646 0.0014075 0.129384 0 0 0 0 0 0 0.00133484 0.0011207 0 0 0.041453 4.71526 0 0 0 0 0 0 0.000589621 0.160415 0.535403 0.186735 0.0107614 0.989239 0 0 0 0 0 0 0.117447 3.9 0.32568 4.89659 2.9249 0.675974 2.16667
2101-03-01 03 -17.75 -44.75 0.000530587 0.135806 0.000639093 0.0004 0.0004 0 0 0 0 0 0 0.000904702 0.000348419 0 0 0.00355426 0.00710852 0 0 0 0 0 0 0.000126137 0.00481742 0.986434 0.00464208 0.909092 0.0909092 0 0 0 0 0 0 0.00410709 4.6 0.0127614 0.149818 2.89127 0.586438 2.55556
2101-03-01 03 -17.75 -44.25 0.000473805 0.000811096 0.000624358 0.00336908 0.195848 0 0 0 0 0 0 0.000865604 0.000136116 0 0 0.1373 7.42099 0 0 0 0 0 0 6.71309e-05 0.254164 0.245729 0.26794 0.0169117 0.983089 0 0 0 0 0 0 0.232168 4.6 0.557712 7.76048 2.90889 0.666802 2.33333
2101-03-01 03 -17.75 -43.75 0.000471871 0.00075622 0.000634772 0.00363506 0.198915 0 0 0 0 0 0 0.000874939 0.000150328 0 0 0.1318 7.35455 0 0 0 0 0 0 7.81394e-05 0.246146 0.246644 0.272479 0.0179465 0.982054 0 0 0 0 0 0 0.234732 4.6 0.539495 7.69187 2.98113 0.64499 2
2101-03-01 03 -17.75 -43.25 0.000466788 0.000573672 0.00066823 0.0803442 0.0634553 0 0 0 0 0 0 0.000899656 0.000177789 0 0 3.67673 2.34755 0 0 0 0 0 0 0.000118397 0.244374 0.240264 0.279867 0.558724 0.441276 0 0 0 0 0 0 0.235495 4.2 0.478551 6.17099 2.91498 0.77889 1.7
2101-03-01 03 -18.25 -44.75 0.000896383 0.278948 0.00104389 0.000649796 0.0527144 0 0 0 0 0 0 0.0012771 0.00123042 0 0 0.0149625 1.73007 0 0 0 0 0 0 0.000565369 0.0039746 0.989492 0.00370292 0.0121766 0.987824 0 0 0 0 0 0 0.00283135 4.6 0.19054 2.08236 2.87565 0.736011 2.1
2101-03-01 03 -18.25 -44.25 0.000419535 0.000600909 0.000545599 0.00785756 0.19317 0 0 0 0 0 0 0.000812172 6.33705e-05 0 0 0.278979 7.39157 0 0 0 0 0 0 1.54661e-05 0.211752 0.156012 0.327521 0.0390869 0.960914 0 0 0 0 0 0 0.304715 4.7 0.528946 7.87404 2.87651 0.673354 1
2101-03-01 03 -18.25 -43.75 0.0004 0.0005 0.0005 0.12655 0.152317 0 0 0 0 0 0 0.000800001 0 0 0 4.16151 6.28423 0 0 0 0 0 0 0 0.264529 0.0350225 0.350225 0.4538 0.5462 0 0 0 0 0 0 0.350225 5 0.846618 10.7268 3.08007 0.675534 1
2101-03-01 03 -18.25 -43.25 0.0004 0.0005 0.0005 0.0916284 0.119984 0 0 0 0 0 0 0.000800001 8.38452e-14 0 0 3.4992 5.67461 0 0 0 0 0 0 0 0.269263 0.192212 0.269263 0.433001 0.567 0 0 0 0 0 0 0.269263 4.7 0.71933 9.38763 3.02071 0.676612 1.42857
2101-04-01 04 -17.25 -44.75 0.000547956 0.192465 0.000670153 0.0004 0.000400001 0 0 0 0 0 0 0.000942994 0.000450976 0 0 0.00355426 0.00716184 0 0 0 0 0 0 0.000214245 0.00352321 0.989999 0.00344713 0.791978 0.208023 0 0 0 0 0 0 0.00303161 2 0.019515 0.206807 2.83035 0.563116 3
2101-04-01 04 -17.25 -44.25 0.000547399 0.00112802 0.000770645 0.00157318 0.156674 0 0 0 0 0 0 0.000971636 0.000328646 0 0 0.048389 5.88863 0 0 0 0 0 0 0.000190826 0.214486 0.353591 0.241568 0.0099413 0.990059 0 0 0 0 0 0 0.190357 1.8 0.396619 6.0992 2.90465 0.60357 1.77778
2101-04-01 04 -17.25 -43.75 0.000677028 0.00183123 0.000960803 0.00143743 0.14872 0 0 0 0 0 0 0.00112769 0.000577453 0 0 0.0413637 5.52001 0 0 0 0 0 0 0.0003302 0.194857 0.421639 0.221224 0.00957286 0.990428 0 0 0 0 0 0 0.162281 1.7 0.369115 5.71703 2.91323 0.594006 1.75
2101-04-01 04 -17.25 -43.25 0.000911596 0.00380319 0.00132646 0.0014075 0.129384 0 0 0 0 0 0 0.00133484 0.0011207 0 0 0.041453 4.71526 0 0 0 0 0 0 0.000589621 0.160415 0.535403 0.186735 0.0107614 0.989239 0 0 0 0 0 0 0.117447 1.6 0.323154 4.89659 2.88222 0.604155 2
2101-04-01 04 -17.75 -44.75 0.000530587 0.135806 0.000639093 0.0004 0.0004 0 0 0 0 0 0 0.000904702 0.000348419 0 0 0.00355426 0.00710852 0 0 0 0 0 0 0.000126137 0.0047537 0.986559 0.00458068 0.909092 0.0909092 0 0 0 0 0 0 0.00410761 2 0.0121574 0.149818 2.88116 0.582122 2.63636
2101-04-01 04 -17.75 -44.25 0.000473805 0.000811096 0.000624358 0.00336908 0.195848 0 0 0 0 0 0 0.000865603 0.000136116 0 0 0.1373 7.42098 0 0 0 0 0 0 6.71309e-05 0.322102 0.0441119 0.33956 0.0169117 0.983089 0 0 0 0 0 0 0.294227 2 0.555227 7.76048 2.88031 0.642998 2.5
2101-04-01 04 -17.75 -43.75 0.000471871 0.00075622 0.000634772 0.00363506 0.198915 0 0 0 0 0 0 0.000874939 0.000150328 0 0 0.1318 7.35455 0 0 0 0 0 0 7.81394e-05 0.107008 0.0537798 0.450321 0.0179465 0.982054 0 0 0 0 0 0 0.388892 2 0.537342 7.69187 2.91424 0.612088 2.16667
2101-04-01 04 -17.75 -43.25 0.000466788 0.000573672 0.00066823 0.0803442 0.0634553 0 0 0 0 0 0 0.000899656 0.000177789 0 0 3.67673 2.34755 0 0 0 0 0 0 0.000118397 0.244374 0.240264 0.279867 0.558724 0.441276 0 0 0 0 0 0 0.235495 1.9 0.478628 6.17099 2.86415 0.735063 2.66667
2101-04-01 04 -18.25 -44.75 0.000896383 0.278948 0.00104389 0.000649796 0.0527144 0 0 0 0 0 0 0.0012771 0.00123042 0 0 0.0149625 1.73007 0 0 0 0 0 0 0.000565369 0.0039746 0.989492 0.00370292 0.0121766 0.987824 0 0 0 0 0 0 0.00283135 2.1 0.187864 2.08236 2.89583 0.670155 2.90909
2101-04-01 04 -18.25 -44.25 0.000419535 0.000600909 0.000545599 0.00785756 0.19317 0 0 0 0 0 0 0.000812172 6.33705e-05 0 0 0.278979 7.39157 0 0 0 0 0 0 1.54661e-05 0.16968 0.0448171 0.406919 0.0390869 0.960914 0 0 0 0 0 0 0.378584 2.2 0.527442 7.87404 2.8724 0.617595 2.28571
2101-04-01 04 -18.25 -43.75 0.0004 0.0005 0.0005 0.12655 0.152317 0 0 0 0 0 0 0.000800001 0 0 0 4.16151 6.28423 0 0 0 0 0 0 0 0.0722454 0.0678763 0.181115 0.4538 0.5462 0 0 0 0 0 0 0.678764 2.3 0.847494 10.7268 2.96315 0.659866 1
2101-04-01 04 -18.25 -43.25 0.0004 0.0005 0.0005 0.0916284 0.119984 0 0 0 0 0 0 0.000800001 8.38452e-14 0 0 3.4992 5.67461 0 0 0 0 0 0 0 0.250019 0.0357134 0.357134 0.433001 0.567 0 0 0 0 0 0 0.357134 2.2 0.7182 9.38762 2.92785 0.632342 3.25
2101-05-01 05 -17.25 -44.75 0.000547956 0.192465 0.000670153 0.0004 0.000400001 0 0 0 0 0 0 0.000942994 0.000450976 0 0 0.00355426 0.00716184 0 0 0 0 0 0 0.000214245 0.00345543 0.990133 0.00338081 0.909092 0.0909092 0 0 0 0 0 0 0.00303201 0.700001 0.0196714 0.206807 2.88317 0.543411 4.38462
2101-05-01 05 -17.25 -44.25 0.000547399 0.00112802 0.000770645 0.00157318 0.156674 0 0 0 0 0 0 0.000971636 0.000328646 0 0 0.048389 5.88863 0 0 0 0 0 0 0.000190826 0.214486 0.353591 0.241568 0.0099413 0.99006 0 0 0 0 0 0 0.190357 0.600001 0.395218 6.0992 2.84273 0.4823 3.5
2101-05-01 05 -17.25 -43.75 0.000677028 0.00183123 0.000960804 0.00143743 0.14872 0 0 0 0 0 0 0.00112769 0.000577453 0 0 0.0413637 5.52001 0 0 0 0 0 0 0.0003302 0.194857 0.421639 0.221224 0.00957286 0.990428 0 0 0 0 0 0 0.162281 0.5 0.369676 5.71703 2.90869 0.469323 3
2101-05-01 05 -17.25 -43.25 0.000911597 0.00380319 0.00132646 0.0014075 0.129384 0 0 0 0 0 0 0.00133484 0.0011207 0 0 0.041453 4.71526 0 0 0 0 0 0 0.000589621 0.160415 0.535403 0.186735 0.0107614 0.989239 0 0 0 0 0 0 0.117447 0.4 0.322835 4.89659 2.87775 0.519771 2.14286
2101-05-01 05 -17.75 -44.75 0.000530587 0.135806 0.000639093 0.0004 0.0004 0 0 0 0 0 0 0.000904702 0.000348419 0 0 0.00355426 0.00710852 0 0 0 0 0 0 0.000126137 0.00273674 0.985917 0.00263713 0.909092 0.0909092 0 0 0 0 0 0 0.00870987 0.7 0.011637 0.149818 2.86722 0.575091 4.45455
2101-05-01 05 -17.75 -44.25 0.000473805 0.000811096 0.000624358 0.00336908 0.195848 0 0 0 0 0 0 0.000865604 0.000136116 0 0 0.1373 7.42099 0 0 0 0 0 0 6.71309e-05 0.241989 0.0493249 0.379689 0.0169117 0.983089 0 0 0 0 0 0 0.328998 0.700001 0.552686 7.76048 2.86408 0.544528 3.55556
2101-05-01 05 -17.75 -43.75 0.000471871 0.00075622 0.000634772 0.00363506 0.198915 0 0 0 0 0 0 0.000874939 0.000150328 0 0 0.1318 7.35455 0 0 0 0 0 0 7.81394e-05 0.171428 0.0498384 0.418344 0.0179465 0.982054 0 0 0 0 0 0 0.360391 0.700001 0.537888 7.69187 2.91893 0.514593 2.4
2101-05-01 05 -17.75 -43.25 0.000466788 0.000573672 0.00066823 0.0803442 0.0634553 0 0 0 0 0 0 0.000899656 0.000177789 0 0 3.67673 2.34755 0 0 0 0 0 0 0.000118397 0.244374 0.240264 0.279867 0.558724 0.441276 0 0 0 0 0 0 0.235495 0.6 0.476115 6.17099 2.91764 0.643481 4
2101-05-01 05 -18.25 -44.75 0.000896383 0.278948 0.00104389 0.000649796 0.0527144 0 0 0 0 0 0 0.0012771 0.00123042 0 0 0.0149625 1.73007 0 0 0 0 0 0 0.000565369 0.0039746 0.989492 0.00370292 0.0121766 0.987824 0 0 0 0 0 0 0.00283135 0.800001 0.187774 2.08236 2.87392 0.561354 3.5
2101-05-01 05 -18.25 -44.25 0.000419535 0.000600909 0.000545599 0.00785756 0.19317 0 0 0 0 0 0 0.000812172 6.33705e-05 0 0 0.278979 7.39157 0 0 0 0 0 0 1.54661e-05 0.0477401 0.0547033 0.435461 0.0390869 0.960914 0 0 0 0 0 0 0.462097 0.900001 0.52625 7.87404 2.86903 0.560898 2.18182
2101-05-01 05 -18.25 -43.75 0.0004 0.0005 0.0005 0.12655 0.152317 0 0 0 0 0 0 0.000800001 0 0 0 4.16151 6.28423 0 0 0 0 0 0 0 0.0769231 0.0769231 0.0769231 0.4538 0.5462 0 0 0 0 0 0 0.769231 0.900001 0.847014 10.7268 2.91346 0.589961 2.42857
2101-05-01 05 -18.25 -43.25 0.0004 0.0005 0.0005 0.0916284 0.119984 0 0 0 0 0 0 0.000800001 8.38452e-14 0 0 3.4992 5.67461 0 0 0 0 0 0 0 0.0899465 0.0437837 0.428433 0.433001 0.567 0 0 0 0 0 0 0.437837 0.800001 0.715773 9.38763 2.94886 0.545464 2.90909
2101-06-01 06 -17.25 -44.75 0.000547956 0.192465 0.000670153 0.0004 0.000400001 0 0 0 0 0 0 0.000942994 0.000450976 0 0 0.00355426 0.00716184 0 0 0 0 0 0 0.000214245 0.00171569 0.993006 0.00167864 0.909092 0.0909092 0 0 0 0 0 0 0.00360051 0.2 0.019832 0.206807 2.85396 0.533997 3.61538
2101-06-01 06 -17.25 -44.25 0.000547399 0.00112802 0.000770645 0.00157318 0.156674 0 0 0 0 0 0 0.000971636 0.000328646 0 0 0.048389 5.88863 0 0 0 0 0 0 0.000190826 0.214486 0.353591 0.241568 0.0099413 0.990059 0 0 0 0 0 0 0.190357 0.2 0.403234 6.0992 2.86397 0.398866 3.69231
2101-06-01 06 -17.25 -43.75 0.000677028 0.00183123 0.000960803 0.00143743 0.14872 0 0 0 0 0 0 0.00112769 0.000577453 0 0 0.0413637 5.52001 0 0 0 0 0 0 0.0003302 0.194503 0.421824 0.221321 0.00957286 0.990428 0 0 0 0 0 0 0.162352 0.1 0.37782 5.71703 2.87477 0.395187 2.75
2101-06-01 06 -17.25 -43.25 0.000911596 0.00380319 0.00132646 0.0014075 0.129384 0 0 0 0 0 0 0.00133484 0.0011207 0 0 0.041453 4.71526 0 0 0 0 0 0 0.000589621 0.160415 0.535403 0.186735 0.0107614 0.989239 0 0 0 0 0 0 0.117447 0.1 0.328429 4.89659 2.88221 0.438677 3.375
2101-06-01 06 -17.75 -44.75 0.000530587 0.135806 0.000639093 0.0004 0.0004 0 0 0 0 0 0 0.000904702 0.000348419 0 0 0.00355426 0.00710852 0 0 0 0 0 0 0.000126137 0.00268845 0.989557 0.0025906 0.909092 0.0909092 0 0 0 0 0 0 0.0051649 0.2 0.0127928 0.149818 2.90112 0.573546 3.25
2101-06-01 06 -17.75 -44.25 0.000473805 0.000811096 0.000624358 0.00336908 0.195848 0 0 0 0 0 0 0.000865603 0.000136116 0 0 0.1373 7.42098 0 0 0 0 0 0 6.71309e-05 0.225301 0.0504109 0.388048 0.0169117 0.983089 0 0 0 0 0 0 0.336241 0.2 0.558033 7.76048 2.86832 0.44122 9.23077
2101-06-01 06 -17.75 -43.75 0.000471871 0.00075622 0.000634772 0.00363506 0.198915 0 0 0 0 0 0 0.000874939 0.000150328 0 0 0.1318 7.35455 0 0 0 0 0 0 7.81394e-05 0.0488596 0.0577528 0.475767 0.0179465 0.982054 0 0 0 0 0 0 0.417621 0.2 0.543753 7.69187 2.87511 0.421823 4.08333
2101-06-01 06 -17.75 -43.25 0.000466788 0.000573672 0.00066823 0.0803442 0.0634553 0 0 0 0 0 0 0.000899656 0.000177789 0 0 3.67673 2.34755 0 0 0 0 0 0 0.000118397 0.244374 0.240264 0.279867 0.558724 0.441276 0 0 0 0 0 0 0.235495 0.2 0.472439 6.17099 3.02571 0.562707 5.42857
2101-06-01 06 -18.25 -44.75 0.000896383 0.278948 0.00104389 0.000649796 0.0527144 0 0 0 0 0 0 0.0012771 0.00123042 0 0 0.0149625 1.73007 0 0 0 0 0 0 0.000565369 0.00211879 0.99294 0.00197396 0.0397629 0.960238 0 0 0 0 0 0 0.00296829 0.3 0.193368 2.08236 2.87919 0.532867 6.36364
2101-06-01 06 -18.25 -44.25 0.000419535 0.000600909 0.000545599 0.00785756 0.19317 0 0 0 0 0 0 0.000812172 6.33705e-05 0 0 0.278979 7.39157 0 0 0 0 0 0 1.54661e-05 0.20847 0.0427234 0.38791 0.0390869 0.960914 0 0 0 0 0 0 0.360898 0.3 0.529688 7.87404 2.85471 0.469507 7.21429
2101-06-01 06 -18.25 -43.75 0.0004 0.0005 0.0005 0.12655 0.152317 0 0 0 0 0 0 0.000800001 0 0 0 4.16151 6.28423 0 0 0 0 0 0 0 0.0914097 0.0651303 0.192158 0.4538 0.5462 0 0 0 0 0 0 0.651303 0.2 0.845919 10.7268 3.01358 0.503894 11.9167
2101-06-01 06 -18.25 -43.25 0.0004 0.0005 0.0005 0.0916284 0.119984 0 0 0 0 0 0 0.000800001 8.38452e-14 0 0 3.4992 5.67461 0 0 0 0 0 0 0 0.0543473 0.0450807 0.449766 0.433001 0.567 0 0 0 0 0 0 0.450807 0.3 0.719834 9.38762 2.86025 0.471629 5.09091
2101-07-01 07 -17.25 -44.75 0.000547956 0.192465 0.000670153 0.0004 0.000400001 0 0 0 0 0 0 0.000942994 0.000450976 0 0 0.00355426 0.00716184 0 0 0 0 0 0 0.000214245 0.000878882 0.9907 0.000859902 0.909092 0.0909092 0 0 0 0 0 0 0.00756248 0.2 0.0210988 0.206807 2.86447 0.529094 7.2
2101-07-01 07 -17.25 -44.25 0.000547399 0.00112802 0.000770645 0.00157318 0.156674 0 0 0 0 0 0 0.000971636 0.000328646 0 0 0.048389 5.88863 0 0 0 0 0 0 0.000190826 0.182779 0.378033 0.231454 0.0189565 0.981044 0 0 0 0 0 0 0.207735 0.2 0.414127 6.0992 2.87236 0.379052 7.375
2101-07-01 07 -17.25 -43.75 0.000677028 0.00183123 0.000960804 0.00143743 0.14872 0 0 0 0 0 0 0.00112769 0.000577453 0 0 0.0413637 5.52001 0 0 0 0 0 0 0.0003302 0.0893358 0.515453 0.196825 0.0334564 0.966544 0 0 0 0 0 0 0.198388 0.2 0.389145 5.71703 2.95287 0.378678 6.2
2101-07-01 07 -17.25 -43.25 0.000911597 0.00380319 0.00132646 0.0014075 0.129384 0 0 0 0 0 0 0.00133484 0.0011207 0 0 0.041453 4.71526 0 0 0 0 0 0 0.000589621 0.160415 0.535403 0.186735 0.0126391 0.987362 0 0 0 0 0 0 0.117447 0.2 0.338995 4.89659 2.9367 0.409474 6.75
2101-07-01 07 -17.75 -44.75 0.000530587 0.135806 0.000639093 0.0004 0.0004 0 0 0 0 0 0 0.000904702 0.000348419 0 0 0.00355426 0.00710852 0 0 0 0 0 0 0.000126137 0.00170206 0.986292 0.00164011 0.909092 0.0909092 0 0 0 0 0 0 0.010367 0.3 0.013397 0.149818 2.901 0.573765 7.58824
2101-07-01 07 -17.75 -44.25 0.000473805 0.000811096 0.000624358 0.00336908 0.195848 0 0 0 0 0 0 0.000865604 0.000136116 0 0 0.1373 7.42099 0 0 0 0 0 0 6.71309e-05 0.293159 0.0466407 0.349108 0.0169117 0.983089 0 0 0 0 0 0 0.311094 0.2 0.572958 7.76048 2.96833 0.386999 30.1765
2101-07-01 07 -17.75 -43.75 0.000471871 0.00075622 0.000634772 0.00363506 0.198915 0 0 0 0 0 0 0.000874939 0.000150328 0 0 0.1318 7.35455 0 0 0 0 0 0 7.81394e-05 0.0641859 0.0822913 0.25846 0.0184212 0.98158 0 0 0 0 0 0 0.595064 0.2 0.556345 7.69187 2.94069 0.383571 8.26667
2101-07-01 07 -17.75 -43.25 0.000466788 0.000573672 0.00066823 0.0803442 0.0634553 0 0 0 0 0 0 0.000899656 0.000177789 0 0 3.67673 2.34755 0 0 0 0 0 0 0.000118397 0.244374 0.240264 0.279867 0.558724 0.441276 0 0 0 0 0 0 0.235495 0.2 0.476626 6.17099 2.94268 0.509845 4.86667
2101-07-01 07 -18.25 -44.75 0.000896383 0.278948 0.00104389 0.000649796 0.0527144 0 0 0 0 0 0 0.0012771 0.00123042 0 0 0.0149625 1.73007 0 0 0 0 0 0 0.000565369 0.00163866 0.985888 0.00152666 0.10974 0.890261 0 0 0 0 0 0 0.0109479 0.3 0.197023 2.08236 2.86581 0.525198 16.5333
2101-07-01 07 -18.25 -44.25 0.000419535 0.000600909 0.000545599 0.00785756 0.19317 0 0 0 0 0 0 0.000812172 6.33705e-05 0 0 0.278979 7.39157 0 0 0 0 0 0 1.54661e-05 0.0921202 0.0503264 0.432431 0.0390869 0.960914 0 0 0 0 0 0 0.425123 0.3 0.541325 7.87404 2.89204 0.39657 11.0625
2101-07-01 07 -18.25 -43.75 0.0004 0.0005 0.0005 0.12655 0.152317 0 0 0 0 0 0 0.000800001 0 0 0 4.16151 6.28423 0 0 0 0 0 0 0 0.201966 0.0380017 0.380017 0.4538 0.5462 0 0 0 0 0 0 0.380017 0.2 0.862523 10.7268 3.1196 0.428698 21.3529
2101-07-01 07 -18.25 -43.25 0.0004 0.0005 0.0005 0.0916284 0.119984 0 0 0 0 0 0 0.000800001 8.38452e-14 0 0 3.4992 5.67461 0 0 0 0 0 0 0 0.174972 0.0397198 0.388111 0.433001 0.567 0 0 0 0 0 0 0.397198 0.3 0.733708 9.38763 2.93042 0.404594 5.64286
2101-08-01 08 -17.25 -44.75 0.000547956 0.192465 0.000670153 0.0004 0.000400001 0 0 0 0 0 0 0.000942994 0.000450976 0 0 0.00355426 0.00716184 0 0 0 0 0 0 0.000214245 0.00159764 0.983093 0.00156313 0.909092 0.0909092 0 0 0 0 0 0 0.0137471 0.3 0.0216255 0.206807 2.89109 0.524806 13.8235
2101-08-01 08 -17.25 -44.25 0.000547399 0.00112802 0.000770645 0.00157318 0.156674 0 0 0 0 0 0 0.000971636 0.000328646 0 0 0.048389 5.88863 0 0 0 0 0 0 0.000190826 0.0937059 0.498793 0.114673 0.0912488 0.908752 0 0 0 0 0 0 0.292829 0.3 0.420861 6.0992 2.93674 0.376096 12.9412
2101-08-01 08 -17.25 -43.75 0.000677028 0.00183123 0.000960804 0.00143743 0.14872 0 0 0 0 0 0 0.00112769 0.000577453 0 0 0.0413637 5.52001 0 0 0 0 0 0 0.0003302 0.0311508 0.674054 0.035366 0.0881353 0.911866 0 0 0 0 0 0 0.25943 0.3 0.395159 5.71703 2.92514 0.375811 14.625
2101-08-01 08 -17.25 -43.25 0.000911597 0.00380319 0.00132646 0.0014075 0.129384 0 0 0 0 0 0 0.00133484 0.0011207 0 0 0.041453 4.71526 0 0 0 0 0 0 0.000589621 0.126341 0.587959 0.156725 0.0918336 0.908167 0 0 0 0 0 0 0.128976 0.2 0.3457 4.89659 3.1328 0.402699 14.5833
2101-08-01 08 -17.75 -44.75 0.000530587 0.135806 0.000639093 0.0004 0.0004 0 0 0 0 0 0 0.000904702 0.000348419 0 0 0.00355426 0.00710852 0 0 0 0 0 0 0.000126137 0.00065451 0.993136 0.000630687 0.909092 0.0909092 0 0 0 0 0 0 0.00558002 0.3 0.0132205 0.149818 2.88453 0.573418 14.1765
2101-08-01 08 -17.75 -44.25 0.000473805 0.000811096 0.000624358 0.00336908 0.195848 0 0 0 0 0 0 0.000865604 0.000136116 0 0 0.1373 7.42099 0 0 0 0 0 0 6.71309e-05 0.0923035 0.191169 0.197777 0.0567485 0.943252 0 0 0 0 0 0 0.518751 0.3 0.58558 7.76048 2.93936 0.377758 83.5294
2101-08-01 08 -17.75 -43.75 0.000471871 0.00075622 0.000634772 0.00363506 0.198915 0 0 0 0 0 0 0.000874939 0.000150328 0 0 0.1318 7.35455 0 0 0 0 0 0 7.81394e-05 0.0650092 0.262333 0.0699615 0.125494 0.874507 0 0 0 0 0 0 0.602697 0.3 0.56665 7.69187 3.09173 0.375422 28.875
2101-08-01 08 -17.75 -43.25 0.000466788 0.000573672 0.00066823 0.0803442 0.0634553 0 0 0 0 0 0 0.000899656 0.000177789 0 0 3.67673 2.34755 0 0 0 0 0 0 0.000118397 0.244374 0.240264 0.279867 0.581739 0.418262 0 0 0 0 0 0 0.235495 0.4 0.481399 6.17099 2.96685 0.48919 10.6471
2101-08-01 08 -18.25 -44.75 0.000896383 0.278948 0.00104389 0.000649796 0.0527144 0 0 0 0 0 0 0.0012771 0.00123042 0 0 0.0149625 1.73007 0 0 0 0 0 0 0.000565369 0.0014376 0.986983 0.00133933 0.10974 0.890261 0 0 0 0 0 0 0.0102409 0.4 0.198442 2.08236 2.8686 0.51944 33
2101-08-01 08 -18.25 -44.25 0.000419535 0.000600909 0.000545599 0.00785756 0.19317 0 0 0 0 0 0 0.000812172 6.33705e-05 0 0 0.278979 7.39157 0 0 0 0 0 0 1.54661e-05 0.0742778 0.0952211 0.111535 0.0774015 0.922599 0 0 0 0 0 0 0.718967 0.4 0.553677 7.87404 2.88148 0.378283 26.4118
2101-08-01 08 -18.25 -43.75 0.0004 0.0005 0.0005 0.12655 0.152317 0 0 0 0 0 0 0.000800001 0 0 0 4.16151 6.28423 0 0 0 0 0 0 0 0.200285 0.0411228 0.347365 0.4538 0.5462 0 0 0 0 0 0 0.411228 0.5 0.883487 10.7268 2.89426 0.387497 39.8235
2101-08-01 08 -18.25 -43.25 0.0004 0.0005 0.0005 0.0916284 0.119984 0 0 0 0 0 0 0.000800001 8.38452e-14 0 0 3.4992 5.67461 0 0 0 0 0 0 0 0.0677879 0.0588203 0.28519 0.433001 0.567 0 0 0 0 0 0 0.588203 0.5 0.749912 9.38763 3.07048 0.381606 12.8125
2101-09-01 09 -17.25 -44.75 0.000547956 0.192465 0.000670153 0.0004 0.000400001 0 0 0 0 0 0 0.000942994 0.000450976 0 0 0.00355426 0.00716184 0 0 0 0 0 0 0.000214245 0.000650813 0.993113 0.000636759 0.909092 0.0909092 0 0 0 0 0 0 0.00560003 0.900001 0.01976 0.206807 2.92048 0.526704 27.8235
2101-09-01 09 -17.25 -44.25 0.000547399 0.00112802 0.000770645 0.00157318 0.156674 0 0 0 0 0 0 0.000971636 0.000328646 0 0 0.048389 5.88863 0 0 0 0 0 0 0.000190826 0.190836 0.378209 0.227346 0.0912488 0.908752 0 0 0 0 0 0 0.20361 0.9 0.421586 6.0992 2.97235 0.381434 34.2941
2101-09-01 09 -17.25 -43.75 0.000677028 0.00183123 0.000960803 0.00143743 0.14872 0 0 0 0 0 0 0.00112769 0.000577453 0 0 0.0413637 5.52001 0 0 0 0 0 0 0.0003302 0.139121 0.507577 0.157947 0.0881352 0.911865 0 0 0 0 0 0 0.195356 0.800001 0.395182 5.71703 2.96298 0.382318 25.7647
2101-09-01 09 -17.25 -43.25 0.000911596 0.00380319 0.00132646 0.0014075 0.129384 0 0 0 0 0 0 0.00133484 0.0011207 0 0 0.041453 4.71526 0 0 0 0 0 0 0.000589621 0.151157 0.551834 0.175958 0.0981119 0.901889 0 0 0 0 0 0 0.121051 0.700001 0.34674 4.89659 3.0659 0.403893 39.2941
2101-09-01 09 -17.75 -44.75 0.000530587 0.135806 0.000639093 0.0004 0.0004 0 0 0 0 0 0 0.000904702 0.000348419 0 0 0.00355426 0.00710852 0 0 0 0 0 0 0.000126137 0.00402879 0.977976 0.00388215 0.909092 0.0909092 0 0 0 0 0 0 0.014114 1 0.0118407 0.149818 2.96871 0.576391 29.6471
2101-09-01 09 -17.75 -44.25 0.000473805 0.000811096 0.000624358 0.00336908 0.195848 0 0 0 0 0 0 0.000865603 0.000136116 0 0 0.1373 7.42098 0 0 0 0 0 0 6.71309e-05 0.178163 0.372006 0.201703 0.0778459 0.922155 0 0 0 0 0 0 0.248128 1 0.586619 7.76048 3.04722 0.39669 88.5294
2101-09-01 09 -17.75 -43.75 0.000471871 0.00075622 0.000634772 0.00363506 0.198915 0 0 0 0 0 0 0.000874939 0.000150328 0 0 0.1318 7.35455 0 0 0 0 0 0 7.81394e-05 0.143682 0.345779 0.154627 0.154509 0.845491 0 0 0 0 0 0 0.355913 1.1 0.568788 7.69187 2.93184 0.387117 51.7647
2101-09-01 09 -17.75 -43.25 0.000466788 0.000573672 0.00066823 0.0803442 0.0634553 0 0 0 0 0 0 0.000899656 0.000177789 0 0 3.67673 2.34755 0 0 0 0 0 0 0.000118397 0.244374 0.240264 0.279867 0.910531 0.0894695 0 0 0 0 0 0 0.235495 1 0.483644 6.17099 3.02848 0.485576 25.9412
2101-09-01 09 -18.25 -44.75 0.000896383 0.278948 0.00104389 0.000649796 0.0527144 0 0 0 0 0 0 0.0012771 0.00123042 0 0 0.0149625 1.73007 0 0 0 0 0 0 0.000565369 0.000549801 0.996034 0.00051222 0.10974 0.890261 0 0 0 0 0 0 0.00290429 1.1 0.196062 2.08236 2.90798 0.523268 41.7059
2101-09-01 09 -18.25 -44.25 0.000419535 0.000600909 0.000545599 0.00785756 0.19317 0 0 0 0 0 0 0.000812172 6.33705e-05 0 0 0.278979 7.39157 0 0 0 0 0 0 1.54661e-05 0.132057 0.363503 0.137391 0.289151 0.71085 0 0 0 0 0 0 0.36705 1.2 0.55721 7.87404 2.95753 0.385174 38.1176
2101-09-01 09 -18.25 -43.75 0.0004 0.0005 0.0005 0.12655 0.152317 0 0 0 0 0 0 0.000800001 0 0 0 4.16151 6.28423 0 0 0 0 0 0 0 0.0749494 0.0749494 0.100607 0.4538 0.5462 0 0 0 0 0 0 0.749494 1.3 0.886719 10.7268 3.16858 0.40011 47.7647
2101-09-01 09 -18.25 -43.25 0.0004 0.0005 0.0005 0.0916284 0.119984 0 0 0 0 0 0 0.000800001 8.38452e-14 0 0 3.4992 5.67461 0 0 0 0 0 0 0 0.0692814 0.0663962 0.200361 0.433568 0.566433 0 0 0 0 0 0 0.663962 1.3 0.753171 9.38762 3.19127 0.402878 30.0588
2101-10-01 10 -17.25 -44.75 0.000547956 0.192465 0.000670153 0.0004 0.000400001 0 0 0 0 0 0 0.000942994 0.000450976 0 0 0.00355426 0.00716184 0 0 0 0 0 0 0.000214245 0.00273547 0.991271 0.00267639 0.909092 0.0909092 0 0 0 0 0 0 0.00331819 4.1 0.0182101 0.206807 2.86384 0.540047 25.4118
2101-10-01 10 -17.25 -44.25 0.000547399 0.00112802 0.000770645 0.00157318 0.156674 0 0 0 0 0 0 0.000971636 0.000328646 0 0 0.048389 5.88863 0 0 0 0 0 0 0.000190826 0.214486 0.353591 0.241568 0.0519359 0.948065 0 0 0 0 0 0 0.190357 3.9 0.414986 6.0992 2.90792 0.471027 24.8235
2101-10-01 10 -17.25 -43.75 0.000677028 0.00183123 0.000960804 0.00143743 0.14872 0 0 0 0 0 0 0.00112769 0.000577453 0 0 0.0413637 5.52001 0 0 0 0 0 0 0.0003302 0.194857 0.421639 0.221224 0.0501392 0.949862 0 0 0 0 0 0 0.162281 3.8 0.387428 5.71703 3.02545 0.458689 18.7059
2101-10-01 10 -17.25 -43.25 0.000911597 0.00380319 0.00132646 0.0014075 0.129384 0 0 0 0 0 0 0.00133484 0.0011207 0 0 0.041453 4.71526 0 0 0 0 0 0 0.000589621 0.160415 0.535403 0.186735 0.0389965 0.961004 0 0 0 0 0 0 0.117447 3.6 0.339836 4.89659 3.0306 0.487024 57.4375
2101-10-01 10 -17.75 -44.75 0.000530587 0.135806 0.000639093 0.0004 0.0004 0 0 0 0 0 0 0.000904702 0.000348419 0 0 0.00355426 0.00710852 0 0 0 0 0 0 0.000126137 0.00456032 0.986937 0.00439433 0.909092 0.0909092 0 0 0 0 0 0 0.00410918 4.2 0.0115816 0.149818 2.84127 0.579429 25.2941
2101-10-01 10 -17.75 -44.25 0.000473805 0.000811096 0.000624358 0.00336908 0.195848 0 0 0 0 0 0 0.000865604 0.000136116 0 0 0.1373 7.42099 0 0 0 0 0 0 6.71309e-05 0.230566 0.31576 0.243063 0.0446691 0.955332 0 0 0 0 0 0 0.210612 4.1 0.58083 7.76048 3.036 0.463305 48.0667
2101-10-01 10 -17.75 -43.75 0.000471871 0.00075622 0.000634772 0.00363506 0.198915 0 0 0 0 0 0 0.000874939 0.000150328 0 0 0.1318 7.35455 0 0 0 0 0 0 7.81394e-05 0.233353 0.299177 0.25113 0.0473912 0.95261 0 0 0 0 0 0 0.216341 4 0.560933 7.69187 3.06229 0.476446 40.8125
2101-10-01 10 -17.75 -43.25 0.000466788 0.000573672 0.00066823 0.0803442 0.0634553 0 0 0 0 0 0 0.000899656 0.000177789 0 0 3.67673 2.34755 0 0 0 0 0 0 0.000118397 0.244374 0.240264 0.279867 0.655292 0.344709 0 0 0 0 0 0 0.235495 3.90001 0.478496 6.17099 2.98892 0.607105 31.4706
2101-10-01 10 -18.25 -44.75 0.000896383 0.278948 0.00104389 0.000649796 0.0527144 0 0 0 0 0 0 0.0012771 0.00123042 0 0 0.0149625 1.73007 0 0 0 0 0 0 0.000565369 0.00273198 0.9916 0.00254524 0.0910973 0.908904 0 0 0 0 0 0 0.00312371 4.2 0.190598 2.08236 2.85611 0.568294 17.9412
2101-10-01 10 -18.25 -44.25 0.000419535 0.000600909 0.000545599 0.00785756 0.19317 0 0 0 0 0 0 0.000812172 6.33705e-05 0 0 0.278979 7.39157 0 0 0 0 0 0 1.54661e-05 0.240721 0.275832 0.250443 0.122316 0.877684 0 0 0 0 0 0 0.233004 4.1 0.547246 7.87404 2.92599 0.464553 24.1875
2101-10-01 10 -18.25 -43.75 0.0004 0.0005 0.0005 0.12655 0.152317 0 0 0 0 0 0 0.000800001 0 0 0 4.16151 6.28423 0 0 0 0 0 0 0 0.0680484 0.0680484 0.18342 0.4538 0.5462 0 0 0 0 0 0 0.680484 4.2 0.879976 10.7268 3.10034 0.456286 24.4375
2101-10-01 10 -18.25 -43.25 0.0004 0.0005 0.0005 0.0916284 0.119984 0 0 0 0 0 0 0.000800001 8.38452e-14 0 0 3.4992 5.67461 0 0 0 0 0 0 0 0.120467 0.0418826 0.418826 0.433001 0.567 0 0 0 0 0 0 0.418826 4.1 0.747148 9.38763 3.0665 0.479078 45.1176
2101-11-01 11 -17.25 -44.75 0.000547956 0.192465 0.000670153 0.0004 0.000400001 0 0 0 0 0 0 0.000942994 0.000450976 0 0 0.00355426 0.00716184 0 0 0 0 0 0 0.000214245 0.00352321 0.989999 0.00344713 0.909092 0.0909092 0 0 0 0 0 0 0.00303161 7.2 0.0181402 0.206807 2.92982 0.571512 5.90909
2101-11-01 11 -17.25 -44.25 0.000547399 0.00112802 0.000770645 0.00157318 0.156674 0 0 0 0 0 0 0.000971636 0.000328646 0 0 0.048389 5.88863 0 0 0 0 0 0 0.000190826 0.214486 0.353591 0.241568 0.0099413 0.990059 0 0 0 0 0 0 0.190357 7.20001 0.407979 6.0992 2.97821 0.623257 6.38462
2101-11-01 11 -17.25 -43.75 0.000677028 0.00183123 0.000960803 0.00143743 0.14872 0 0 0 0 0 0 0.00112769 0.000577453 0 0 0.0413637 5.52001 0 0 0 0 0 0 0.0003302 0.194857 0.421639 0.221224 0.00957286 0.990428 0 0 0 0 0 0 0.162281 7.1 0.37767 5.71703 2.95706 0.523528 5.66667
2101-11-01 11 -17.25 -43.25 0.000911596 0.00380319 0.00132646 0.0014075 0.129384 0 0 0 0 0 0 0.00133484 0.0011207 0 0 0.041453 4.71526 0 0 0 0 0 0 0.000589621 0.160415 0.535403 0.186735 0.0107614 0.989239 0 0 0 0 0 0 0.117447 6.80001 0.33285 4.89659 3.06129 0.602199 15.6667
2101-11-01 11 -17.75 -44.75 0.000530587 0.135806 0.000639093 0.0004 0.0004 0 0 0 0 0 0 0.000904702 0.000348419 0 0 0.00355426 0.00710852 0 0 0 0 0 0 0.000126137 0.00478558 0.986496 0.00461139 0.909092 0.0909092 0 0 0 0 0 0 0.00410735 7.20001 0.0112548 0.149818 2.95929 0.584643 5.92308
2101-11-01 11 -17.75 -44.25 0.000473805 0.000811096 0.000624358 0.00336908 0.195848 0 0 0 0 0 0 0.000865603 0.000136116 0 0 0.1373 7.42098 0 0 0 0 0 0 6.71309e-05 0.230731 0.31527 0.243237 0.0169117 0.983089 0 0 0 0 0 0 0.210763 7.30001 0.568791 7.76048 2.96032 0.62303 3.6
2101-11-01 11 -17.75 -43.75 0.000471871 0.00075622 0.000634772 0.00363506 0.198915 0 0 0 0 0 0 0.000874939 0.000150328 0 0 0.1318 7.35455 0 0 0 0 0 0 7.81394e-05 0.233353 0.299177 0.25113 0.0179465 0.982054 0 0 0 0 0 0 0.216341 7.3 0.555652 7.69187 2.98481 0.634118 6.25
2101-11-01 11 -17.75 -43.25 0.000466788 0.000573672 0.00066823 0.0803442 0.0634553 0 0 0 0 0 0 0.000899656 0.000177789 0 0 3.67673 2.34755 0 0 0 0 0 0 0.000118397 0.244374 0.240264 0.279867 0.558724 0.441276 0 0 0 0 0 0 0.235495 7.10001 0.471436 6.17099 3.11397 0.727241 9.23077
2101-11-01 11 -18.25 -44.75 0.000896383 0.278948 0.00104389 0.000649796 0.0527144 0 0 0 0 0 0 0.0012771 0.00123042 0 0 0.0149625 1.73007 0 0 0 0 0 0 0.000565369 0.0039746 0.989492 0.00370292 0.0958839 0.904117 0 0 0 0 0 0 0.00283135 7.1 0.183571 2.08236 2.86011 0.601715 2.33333
2101-11-01 11 -18.25 -44.25 0.000419535 0.000600909 0.000545599 0.00785756 0.19317 0 0 0 0 0 0 0.000812172 6.33705e-05 0 0 0.278979 7.39157 0 0 0 0 0 0 1.54661e-05 0.240721 0.275832 0.250443 0.0390869 0.960914 0 0 0 0 0 0 0.233004 7.30001 0.540149 7.87404 2.89483 0.655232 5.875
2101-11-01 11 -18.25 -43.75 0.0004 0.0005 0.0005 0.12655 0.152317 0 0 0 0 0 0 0.000800001 0 0 0 4.16151 6.28423 0 0 0 0 0 0 0 0.0764345 0.0764345 0.0827873 0.4538 0.5462 0 0 0 0 0 0 0.764345 7.40001 0.867459 10.7268 3.05188 0.659934 4
2101-11-01 11 -18.25 -43.25 0.0004 0.0005 0.0005 0.0916284 0.119984 0 0 0 0 0 0 0.000800001 8.38452e-14 0 0 3.4992 5.67461 0 0 0 0 0 0 0 0.305898 0.0823076 0.305898 0.433001 0.567 0 0 0 0 0 0 0.305898 7.40001 0.737085 9.38762 3.04932 0.630228 16.9167
2101-12-01 12 -17.25 -44.75 0.000547956 0.192465 0.000670153 0.0004 0.000400001 0 0 0 0 0 0 0.000942994 0.000450976 0 0 0.00355426 0.00716184 0 0 0 0 0 0 0.000214245 0.00352321 0.989999 0.00344713 0.734389 0.265612 0 0 0 0 0 0 0.00303161 8.30001 0.0183565 0.206807 2.90774 0.577632 2.16667
2101-12-01 12 -17.25 -44.25 0.000547399 0.00112802 0.000770645 0.00157318 0.156674 0 0 0 0 0 0 0.000971636 0.000328646 0 0 0.048389 5.88863 0 0 0 0 0 0 0.000190826 0.214486 0.353591 0.241568 0.0099413 0.99006 0 0 0 0 0 0 0.190357 8.00001 0.408448 6.0992 2.952 0.708099 2.44444
2101-12-01 12 -17.25 -43.75 0.000677028 0.00183123 0.000960804 0.00143743 0.14872 0 0 0 0 0 0 0.00112769 0.000577453 0 0 0.0413637 5.52001 0 0 0 0 0 0 0.0003302 0.194857 0.421639 0.221224 0.00957286 0.990428 0 0 0 0 0 0 0.162281 7.70001 0.376419 5.71703 3.03606 0.708449 2.36364
2101-12-01 12 -17.25 -43.25 0.000911597 0.00380319 0.00132646 0.0014075 0.129384 0 0 0 0 0 0 0.00133484 0.0011207 0 0 0.041453 4.71526 0 0 0 0 0 0 0.000589621 0.160415 0.535403 0.186735 0.0107614 0.989239 0 0 0 0 0 0 0.117447 7.20001 0.333396 4.89659 2.99926 0.736923 3.77778
2101-12-01 12 -17.75 -44.75 0.000530587 0.135806 0.000639093 0.0004 0.0004 0 0 0 0 0 0 0.000904702 0.000348419 0 0 0.00355426 0.00710852 0 0 0 0 0 0 0.000126137 0.00481742 0.986434 0.00464208 0.909092 0.0909092 0 0 0 0 0 0 0.00410709 8.40001 0.0115757 0.149818 2.97932 0.587793 2
2101-12-01 12 -17.75 -44.25 0.000473805 0.000811096 0.000624358 0.00336908 0.195848 0 0 0 0 0 0 0.000865604 0.000136116 0 0 0.1373 7.42099 0 0 0 0 0 0 6.71309e-05 0.230726 0.315285 0.243231 0.0169117 0.983089 0 0 0 0 0 0 0.210758 8.30001 0.567717 7.76048 2.97211 0.726325 1.8
2101-12-01 12 -17.75 -43.75 0.000471871 0.00075622 0.000634772 0.00363506 0.198915 0 0 0 0 0 0 0.000874939 0.000150328 0 0 0.1318 7.35455 0 0 0 0 0 0 7.81394e-05 0.233353 0.299177 0.25113 0.0179465 0.982054 0 0 0 0 0 0 0.216341 8.00001 0.557995 7.69187 2.97068 0.744332 2.5
2101-12-01 12 -17.75 -43.25 0.000466788 0.000573672 0.00066823 0.0803442 0.0634553 0 0 0 0 0 0 0.000899656 0.000177789 0 0 3.67673 2.34755 0 0 0 0 0 0 0.000118397 0.244374 0.240264 0.279867 0.558724 0.441276 0 0 0 0 0 0 0.235495 7.50001 0.470626 6.17099 3.08314 0.796522 2.76923
2101-12-01 12 -18.25 -44.75 0.000896383 0.278948 0.00104389 0.000649796 0.0527144 0 0 0 0 0 0 0.0012771 0.00123042 0 0 0.0149625 1.73007 0 0 0 0 0 0 0.000565369 0.0039746 0.989492 0.00370292 0.0131106 0.98689 0 0 0 0 0 0 0.00283135 8.40001 0.186312 2.08236 2.94733 0.79441 2.8
2101-12-01 12 -18.25 -44.25 0.000419535 0.000600909 0.000545599 0.00785756 0.19317 0 0 0 0 0 0 0.000812172 6.33705e-05 0 0 0.278979 7.39157 0 0 0 0 0 0 1.54661e-05 0.241303 0.274082 0.251049 0.0390869 0.960914 0 0 0 0 0 0 0.233567 8.40001 0.539121 7.87404 2.91844 0.705744 2.4
2101-12-01 12 -18.25 -43.75 0.0004 0.0005 0.0005 0.12655 0.152317 0 0 0 0 0 0 0.000800001 0 0 0 4.16151 6.28423 0 0 0 0 0 0 0 0.0530952 0.0530952 0.362858 0.4538 0.5462 0 0 0 0 0 0 0.530952 8.40001 0.867107 10.7268 3.17149 0.73715 1.83333
2101-12-01 12 -18.25 -43.25 0.0004 0.0005 0.0005 0.0916284 0.119984 0 0 0 0 0 0 0.000800001 8.38452e-14 0 0 3.4992 5.67461 0 0 0 0 0 0 0 0.282185 0.153446 0.282185 0.433001 0.567 0 0 0 0 0 0 0.282185 8.00001 0.737689 9.38763 3.25636 0.735459 2.88889